,Sequence,Fitness
0,SFQRAQLSQHA,0.06750406098005045
1,SFQRMQLSQHA,0.2650547758333701
2,SFQRAQLSQFA,-0.19481033113784754
3,SFQRAQLSKHA,-0.4409859300986034
4,SFQRAQLKQHA,-0.07295713987668383
5,SFQRAQLSRHA,0.03141850704063658
6,SFQTAQLSQHA,0.23073941616148083
7,SFQQAQLSQHA,-0.21072463471531766
8,SFQRAQLSQYA,-0.3570927060203072
9,SFQLAQLSQHA,0.06576299899717936
10,SFQRAQLRQHA,0.02921428089426663
11,SFQAAQLSQHA,-0.24592589767611603
12,SFQHAQLSQHA,-0.21166611875775904
13,SFQRAQLLQHA,-0.24650865840349293
14,WFQRAQLSQHA,0.41048775173387
15,SAQRAQLSQHA,-0.18705428377646036
16,SFQRAQISQHA,0.15359546082355316
17,SFQRARLSQHA,0.3019549489644132
18,SFQRAQLCQHA,0.02921569147177395
19,SQQRAQLSQHA,-0.07176371287640838
20,SFNRAQLSQHA,0.3208692314518521
21,SFQRAQQSQHA,0.25303900976001253
22,SFQRAQVSQHA,0.4324576287944193
23,SFQCAQLSQHA,-0.2113212865899151
24,SFGRAQLSQHA,0.16267044052808116
25,SWQRAQLSQHA,0.09542135509646563
26,SFQRAQLTQHA,-0.06192991664614599
27,SFQRAQLSQHS,-0.08779818516441922
28,SFQRIQLSQHA,0.11839460331132547
29,SFQRAQLSAHA,-0.20792744768513316
30,SFQPAQLSQHA,-0.10921600810584588
31,WAQRAQLSQHA,0.3012038339110324
32,WQQRAQLSQHA,0.5339812889921585
33,WWQRAQLSQHA,0.4818255733962152
34,WFNRAQLSQHA,0.37027077679514914
35,WFGRAQLSQHA,0.3240711560397761
36,WFQTAQLSQHA,0.514278528988229
37,WFQQAQLSQHA,0.5137539163713737
38,WFQLAQLSQHA,0.5813605554688995
39,WFQAAQLSQHA,0.3452691733210219
40,WFQHAQLSQHA,0.29904379720116153
41,WFQCAQLSQHA,0.35086535583100265
42,WFQPAQLSQHA,0.3070584020339507
43,WFQRMQLSQHA,0.4048684786155009
44,WFQRIQLSQHA,0.2196117944756798
45,WFQRARLSQHA,0.25725407226930935
46,WFQRAQISQHA,0.3839933125411628
47,WFQRAQQSQHA,0.4443079698350705
48,WFQRAQVSQHA,0.47312587427163194
49,WFQRAQLKQHA,0.2700265508771357
50,WFQRAQLRQHA,0.3721979716480861
51,WFQRAQLLQHA,0.09647503235032656
52,WFQRAQLCQHA,0.3721993822255934
53,WFQRAQLTQHA,0.28105377410767346
54,WFQRAQLSKHA,-0.09800223934478393
55,WFQRAQLSRHA,0.37440219779445605
56,WFQRAQLSAHA,0.13505624306868624
57,WFQRAQLSQFA,0.14817335961597183
58,WFQRAQLSQYA,-0.014109015266487697
59,WFQRAQLSQHS,0.505643863632669
60,SANRAQLSQHA,0.06631088669534128
61,SAGRAQLSQHA,-0.0918879042284297
62,SQNRAQLSQHA,0.18160145759539326
63,SQGRAQLSQHA,0.023402666671622288
64,SWNRAQLSQHA,0.3487865255682673
65,SWGRAQLSQHA,0.1905877346444963
66,SAQTAQLSQHA,-0.05930493015278517
67,SAQQAQLSQHA,-0.515696965098099
68,SAQLAQLSQHA,-0.13801206532219015
69,SAQAAQLSQHA,-0.5682720919018265
70,SAQHAQLSQHA,-0.5529187672760201
71,SAQCAQLSQHA,-0.7484972047137092
72,SAQPAQLSQHA,-0.35614227001913135
73,SQQTAQLSQHA,0.07583867128673373
74,SQQQAQLSQHA,-0.36815000151574595
75,SQQLAQLSQHA,-0.20438486990287164
76,SQQAAQLSQHA,-0.4091144429512616
77,SQQHAQLSQHA,-0.4423425938320861
78,SQQCAQLSQHA,-0.3747489012516745
79,SQQPAQLSQHA,-0.1396431226144719
80,SWQTAQLSQHA,0.10517168202036925
81,SWQQAQLSQHA,-0.2928275574109883
82,SWQLAQLSQHA,-0.07356767853072699
83,SWQAAQLSQHA,-0.3913429882694075
84,SWQCAQLSQHA,-0.2529026638173635
85,SWQPAQLSQHA,-0.292735521395516
86,SAQRMQLSQHA,-0.2022521929497895
87,SAQRIQLSQHA,0.004724542141647631
88,SQQRMQLSQHA,-0.03538165939321578
89,SQQRIQLSQHA,0.08572256286528827
90,SWQRMQLSQHA,0.060130619471126474
91,SWQRIQLSQHA,0.2812086052077857
92,SAQRARLSQHA,0.26929717227167077
93,SQQRARLSQHA,0.2706371069867254
94,SWQRARLSQHA,0.2655029899953123
95,SAQRAQISQHA,-0.2982991217576407
96,SAQRAQQSQHA,-0.07090154284428245
97,SAQRAQVSQHA,0.24135160436773964
98,SQQRAQISQHA,-0.19204584150886864
99,SQQRAQQSQHA,-0.09750561808189721
100,SQQRAQVSQHA,0.2277877044750115
101,SWQRAQISQHA,0.05709406250372789
102,SWQRAQQSQHA,0.43050525090643954
103,SWQRAQVSQHA,0.4320532308843415
104,SAQRAQLKQHA,-0.3275154846331947
105,SAQRAQLRQHA,-0.22534406386224418
106,SAQRAQLLQHA,-0.5010670031600037
107,SAQRAQLCQHA,-0.2253426532847369
108,SAQRAQLTQHA,-0.31648826140265685
109,SQQRAQLKQHA,-0.21222491373314264
110,SQQRAQLRQHA,-0.11005349296219218
111,SQQRAQLLQHA,-0.3857764322599517
112,SQQRAQLCQHA,-0.11005208238468485
113,SQQRAQLTQHA,-0.20119769050260478
114,SWQRAQLKQHA,-0.045039845760268676
115,SWQRAQLRQHA,0.0571315750106818
116,SWQRAQLLQHA,-0.21859136428707773
117,SWQRAQLCQHA,0.057132985588189106
118,SWQRAQLTQHA,-0.03401262252973083
119,SAQRAQLSKHA,-0.6955442748551143
120,SAQRAQLSRHA,-0.2231398377158742
121,SAQRAQLSAHA,-0.46248579244164406
122,SQQRAQLSRHA,-0.1078492668158222
123,SWQRAQLSKHA,-0.4130686359821883
124,SWQRAQLSRHA,0.059335801157051754
125,SWQRAQLSAHA,-0.18001015356871808
126,SAQRAQLSQFA,-0.43525995728457045
127,SAQRAQLSQYA,-0.6213355828011184
128,SQQRAQLSQFA,-0.19892839021384923
129,SQQRAQLSQYA,-0.4273300021131583
130,SWQRAQLSQFA,-0.24557457763920176
131,SWQRAQLSQYA,-0.3186761218187763
132,SAQRAQLSQHS,-0.3423565299209301
133,SQQRAQLSQHS,-0.2270659590208781
134,SWQRAQLSQHS,-0.059880891048004085
135,SFNTAQLSQHA,0.4841045866332825
136,SFNQAQLSQHA,0.04264053575648396
137,SFNLAQLSQHA,0.319128169468981
138,SFNAAQLSQHA,0.0074392727956856
139,SFNHAQLSQHA,0.0416990517140426
140,SFNCAQLSQHA,0.042043883881886575
141,SFNPAQLSQHA,0.14414916236595576
142,SFGTAQLSQHA,0.3259057957095115
143,SFGQAQLSQHA,-0.11555825516728703
144,SFGLAQLSQHA,0.16092937854521
145,SFGAAQLSQHA,-0.15075951812808536
146,SFGHAQLSQHA,-0.11649973920972839
147,SFGCAQLSQHA,-0.11615490704188441
148,SFGPAQLSQHA,-0.014049628557815219
149,SFNRMQLSQHA,0.2625968964275856
150,SFNRIQLSQHA,0.2330197918990572
151,SFGRMQLSQHA,0.2522319283851371
152,SFGRIQLSQHA,-0.00037692502331666946
153,SFNRARLSQHA,0.5553201194362148
154,SFGRARLSQHA,0.39712132851244386
155,SFNRAQISQHA,0.2564183448811325
156,SFNRAQQSQHA,0.45170302137457213
157,SFNRAQVSQHA,0.6395737066055885
158,SFGRAQISQHA,0.10294889130934705
159,SFGRAQQSQHA,0.11612841288903479
160,SFGRAQVSQHA,0.5185010416791507
161,SFNRAQLKQHA,0.1804080305951178
162,SFNRAQLRQHA,0.28257945136606827
163,SFNRAQLLQHA,0.006856512068308709
164,SFNRAQLCQHA,0.2825808619435755
165,SFNRAQLTQHA,0.19143525382565565
166,SFGRAQLKQHA,0.022209239671346845
167,SFGRAQLRQHA,0.12438066044229731
168,SFGRAQLLQHA,-0.15134227885546225
169,SFGRAQLCQHA,0.12438207101980464
170,SFGRAQLTQHA,0.03323646290188467
171,SFNRAQLSKHA,-0.12994456867063137
172,SFNRAQLSRHA,0.04363344566922677
173,SFNRAQLSAHA,0.16379485663418694
174,SFGRAQLSKHA,-0.21565949564736828
175,SFGRAQLSRHA,0.11214324839935866
176,SFGRAQLSAHA,-0.09434598148570968
177,SFNRAQLSQFA,0.05855483933395409
178,SFNRAQLSQYA,-0.1037275355485054
179,SFGRAQLSQFA,-0.09964395158981687
180,SFGRAQLSQYA,-0.2619263264722764
181,SFNRAQLSQHS,0.16556698530738242
182,SFGRAQLSQHS,0.0073681943836114505
183,SFQTMQLSQHA,0.5510257112913293
184,SFQTIQLSQHA,0.3768435384186251
185,SFQQMQLSQHA,0.24892899679004785
186,SFQQIQLSQHA,-0.06470754391909475
187,SFQLMQLSQHA,0.08283067291952949
188,SFQLIQLSQHA,0.2784535942348039
189,SFQAMQLSQHA,-0.15123904999435622
190,SFQAIQLSQHA,0.04132214519401307
191,SFQHMQLSQHA,-0.012223378058884727
192,SFQHIQLSQHA,0.07988364376784017
193,SFQCMQLSQHA,0.07417961590439194
194,SFQCIQLSQHA,-0.13116177944891172
195,SFQPMQLSQHA,0.13246802875893593
196,SFQPIQLSQHA,-0.122336528395489
197,SFQTARLSQHA,0.46519030414584356
198,SFQQARLSQHA,0.023726253269045074
199,SFQLARLSQHA,0.30021388698154206
200,SFQAARLSQHA,-0.011475009691753272
201,SFQHARLSQHA,0.02278476922660372
202,SFQCARLSQHA,0.02312960139444762
203,SFQPARLSQHA,0.1252348798785169
204,SFQTAQISQHA,0.3168308160049835
205,SFQTAQQSQHA,0.4162743649414429
206,SFQTAQVSQHA,0.5956929839758496
207,SFQQAQISQHA,-0.12463323487181498
208,SFQQAQQSQHA,-0.025189685935355623
209,SFQQAQVSQHA,0.15422893309905114
210,SFQLAQISQHA,0.15185439884068205
211,SFQLAQQSQHA,0.2512979477771414
212,SFQLAQVSQHA,0.43071656681154824
213,SFQAAQQSQHA,-0.06039094889615401
214,SFQAAQVSQHA,0.11902767013825272
215,SFQHAQISQHA,-0.12557471891425634
216,SFQHAQQSQHA,-0.026131169977796985
217,SFQHAQVSQHA,0.15328744905660982
218,SFQCAQISQHA,-0.12522988674641242
219,SFQCAQQSQHA,-0.025786337809953038
220,SFQCAQVSQHA,0.15363228122445377
221,SFQPAQISQHA,-0.023124608262343173
222,SFQPAQQSQHA,0.07631894067411618
223,SFQPAQVSQHA,0.255737559708523
224,SFQTAQLKQHA,-0.180505698426865
225,SFQTAQLRQHA,-0.002994163418381344
226,SFQTAQLLQHA,-0.16914512374243068
227,SFQTAQLCQHA,0.04055300431880481
228,SFQTAQLTQHA,-0.2138460786900634
229,SFQQAQLKQHA,-0.3529779035922974
230,SFQQAQLRQHA,-0.28125304840873183
231,SFQQAQLLQHA,-0.5490381292631589
232,SFQQAQLCQHA,-0.2751122562183847
233,SFQQAQLTQHA,-0.23459232975703134
234,SFQLAQLKQHA,-0.1677506510154041
235,SFQLAQLRQHA,-0.03280699007909373
236,SFQLAQLLQHA,-0.38238384614291454
237,SFQLAQLCQHA,0.06583149347774751
238,SFQLAQLTQHA,0.05314046348568623
239,SFQAAQLKQHA,-0.20309261396955638
240,SFQAAQLRQHA,-0.2229196767528463
241,SFQAAQLLQHA,-0.5107119722467911
242,SFQAAQLCQHA,0.04143233279618803
243,SFQAAQLTQHA,-0.32028355483242543
244,SFQHAQLKQHA,-0.43879029155993654
245,SFQHAQLRQHA,-0.20319410526695011
246,SFQHAQLLQHA,-0.46602619154781827
247,SFQHAQLCQHA,-0.18877947223294536
248,SFQHAQLTQHA,-0.2601002492645899
249,SFQCAQLKQHA,-0.21452859129669852
250,SFQCAQLRQHA,-0.17327543247686591
251,SFQCAQLLQHA,-0.4705900291955886
252,SFQCAQLCQHA,-0.040865673568721284
253,SFQCAQLTQHA,-0.15955176245539515
254,SFQPAQLKQHA,-0.247980155830548
255,SFQPAQLRQHA,-0.08489538798268244
256,SFQPAQLLQHA,-0.49422638595011903
257,SFQPAQLCQHA,-0.18371084607417962
258,SFQPAQLTQHA,-0.0920348807420679
259,SFQTAQLSKHA,-0.27775057491717303
260,SFQTAQLSAHA,-0.04469209250370284
261,SFQQAQLSKHA,-0.7192146257939716
262,SFQLAQLSKHA,-0.4427269920814745
263,SFQLAQLSRHA,0.029677445057765497
264,SFQLAQLSAHA,-0.20966850966800427
265,SFQAAQLSKHA,-0.7544158887547698
266,SFQAAQLSAHA,-0.5213574063412997
267,SFQCAQLSKHA,-0.719811277668569
268,SFQCAQLSAHA,-0.4867527952550988
269,SFQPAQLSKHA,-0.6177059991844996
270,SFQQAQLSQYA,-0.6350145414074428
271,SFQAAQLSQFA,-0.3015102147431899
272,SFQAAQLSQYA,-0.4314316355284556
273,SFQCAQLSQYA,-0.4704032552036553
274,SFQPAQLSQFA,-0.3756388155286757
275,SFQPAQLSQYA,-0.47352220529458894
276,SFQTAQLSQHS,0.13184316119190942
277,SFQQAQLSQHS,-0.1757432624945752
278,SFQLAQLSQHS,0.19806430321200408
279,SFQAAQLSQHS,0.12584691407442788
280,SFQHAQLSQHS,0.13007570559645779
281,SFQCAQLSQHS,-0.07951997474281856
282,SFQPAQLSQHS,0.003327691866319406
283,SFQRMRLSQHA,0.4995056638177328
284,SFQRIRLSQHA,0.3528454912956882
285,SFQRMQISQHA,0.0980486799550636
286,SFQRMQQSQHA,0.2679756758868519
287,SFQRMQVSQHA,0.28419887054516674
288,SFQRIQISQHA,0.08822259229084485
289,SFQRIQQSQHA,0.3313196916516194
290,SFQRIQVSQHA,0.2727745823398706
291,SFQRMQLKQHA,0.12459357497663581
292,SFQRMQLRQHA,0.22676499574758627
293,SFQRMQLLQHA,-0.04895794355017329
294,SFQRMQLCQHA,0.2267664063250936
295,SFQRMQLTQHA,0.13562079820717365
296,SFQRIQLKQHA,-0.02206659754540887
297,SFQRIQLRQHA,0.08010482322554163
298,SFQRIQLLQHA,-0.19561811607221788
299,SFQRIQLCQHA,0.08010623380304895
300,SFQRIQLTQHA,-0.011039374314870998
301,SFQRMQLSRHA,0.22896922189395627
302,SFQRMQLSAHA,-0.010376732831813607
303,SFQRIQLSKHA,-0.39009538776732844
304,SFQRMQLSQFA,0.002740383715472068
305,SFQRMQLSQYA,-0.15954199116698742
306,SFQRIQLSQFA,-0.14391978880657266
307,SFQRIQLSQYA,-0.3062021636890322
308,SFQRMQLSQHS,0.10975252968890045
309,SFQRIQLSQHS,-0.036907642833144294
310,SFQRARISQHA,0.3693516932220629
311,SFQRARQSQHA,0.2569039068029479
312,SFQRARVSQHA,0.16885260478572836
313,SFQRARLKQHA,0.16149374810767894
314,SFQRARLRQHA,0.2636651688786294
315,SFQRARLLQHA,-0.012057770419130132
316,SFQRARLCQHA,0.2636665794561367
317,SFQRARLTQHA,0.17252097133821678
318,SFQRARLSKHA,-0.20653504211424067
319,SFQRARLSRHA,0.2658693950249994
320,SFQRARLSAHA,0.026523440299229543
321,SFQRARLSQFA,0.039640556846515136
322,SFQRARLSQYA,-0.12264181803594436
323,SFQRARLSQHS,0.14665270281994355
324,SFQRAQIKQHA,0.013134259966818874
325,SFQRAQIRQHA,0.11530568073776935
326,SFQRAQILQHA,-0.1604172585599902
327,SFQRAQICQHA,0.11530709131527667
328,SFQRAQITQHA,0.024161483197356705
329,SFQRAQQKQHA,0.11257780890327823
330,SFQRAQQRQHA,0.21474922967422871
331,SFQRAQQLQHA,-0.06097370962353084
332,SFQRAQQCQHA,0.21475064025173604
333,SFQRAQQTQHA,0.12360503213381607
334,SFQRAQVKQHA,0.29199642793768504
335,SFQRAQVRQHA,0.39416784870863547
336,SFQRAQVLQHA,0.11844490941087595
337,SFQRAQVCQHA,0.39416925928614277
338,SFQRAQVTQHA,0.3030236511682229
339,SFQRAQISKHA,-0.32038505636767833
340,SFQRAQISAHA,-0.1834512219190353
341,SFQRAQQSKHA,-0.3959296815097215
342,SFQRAQQSRHA,0.02013306182790312
343,SFQRAQVSKHA,0.0636291626192885
344,SFQRAQVSAHA,0.1978917911343817
345,SFQRAQISQFA,-0.03967555275871481
346,SFQRAQISQYA,-0.35738293300758994
347,SFQRAQQSQFA,0.11788408304143298
348,SFQRAQQSQYA,0.08361490802691672
349,SFQRAQVSQFA,0.27734534026054863
350,SFQRAQVSQYA,0.24504486425927718
351,SFQRAQISQHS,-0.0017067853209165242
352,SFQRAQQSQHS,0.09773676361554284
353,SFQRAQVSQHS,0.27715538264994954
354,SFQRAQLKKHA,-0.3345234035144763
355,SFQRAQLKRHA,-0.1256807337055385
356,SFQRAQLRKHA,-0.45734858121540134
357,SFQRAQLRAHA,0.05777847682717348
358,SFQRAQLLKHA,-0.2619046034454828
359,SFQRAQLLRHA,0.10305421096747325
360,SFQRAQLCKHA,-0.3117128950486875
361,SFQRAQLCAHA,-0.17241080509307768
362,SFQRAQLTKHA,-0.4692749273131989
363,SFQRAQLKQFA,-0.33694645001226126
364,SFQRAQLKQYA,-0.06288347626604068
365,SFQRAQLRQFA,0.11960118485048638
366,SFQRAQLRQYA,0.01854620919495088
367,SFQRAQLLQFA,-0.23229194366476308
368,SFQRAQLLQYA,-0.21895050589221396
369,SFQRAQLCQFA,0.022312188196174934
370,SFQRAQLCQYA,-0.1080689500516049
371,SFQRAQLTQFA,0.0055168912444904265
372,SFQRAQLTQYA,-0.4695031800914263
373,SFQRAQLKQHS,-0.2282593860211535
374,SFQRAQLRQHS,-0.12608796525020305
375,SFQRAQLLQHS,-0.40181090454796264
376,SFQRAQLCQHS,-0.12608655467269572
377,SFQRAQLTQHS,-0.21723216279061566
378,SFQRAQLSKFA,-0.12849031977254244
379,SFQRAQLSKYA,-0.1209766893937489
380,SFQRAQLSAFA,-0.2367838123790908
381,SFQRAQLSAYA,-0.04954000411341266
382,SFQRAQLSKHS,-0.19071680722931433
383,SFQRAQLSRHS,-0.20958599811740947
384,SFQRAQLSAHS,-0.45030662588276366
385,SFQRAQLSQFS,-0.44274862116835545
386,SFQRAQLSQYS,-0.6813475734934671
387,WANRAQLSQHA,0.2609868589723116
388,WAGRAQLSQHA,0.21478723821693854
389,WQNRAQLSQHA,0.4937643140534377
390,WQGRAQLSQHA,0.44756469329806464
391,WWNRAQLSQHA,0.44160859845749434
392,WWGRAQLSQHA,0.3954089777021213
393,WAQTAQLSQHA,0.3695086096076363
394,WAQLAQLSQHA,0.5228599180832035
395,WAQAAQLSQHA,0.1681974060289848
396,WAQHAQLSQHA,0.10306557561657392
397,WAQCAQLSQHA,-0.041036135359117994
398,WAQPAQLSQHA,0.20540656705433855
399,WQQTAQLSQHA,0.6221390952282294
400,WQQQAQLSQHA,0.6190898606856927
401,WQQAAQLSQHA,0.4448419391606238
402,WQQHAQLSQHA,0.331128633241582
403,WQQCAQLSQHA,0.4501990522839907
404,WWQTAQLSQHA,0.4321313223930476
405,WWQQAQLSQHA,0.4750715212216331
406,WWQLAQLSQHA,0.4854504054869233
407,WWQAAQLSQHA,0.24327261027366054
408,WWQHAQLSQHA,0.2945783849225205
409,WWQCAQLSQHA,0.3527045061494844
410,WAQRMQLSQHA,0.08283593676601461
411,WAQRIQLSQHA,0.25121616023967536
412,WQQRMQLSQHA,0.3671933545036625
413,WWQRMQLSQHA,0.2433648497991874
414,WWQRIQLSQHA,0.4258463239180701
415,WAQRARLSQHA,0.049980232615643244
416,WQQRARLSQHA,0.14012434470964782
417,WWQRARLSQHA,0.25546230774669265
418,WAQRAQISQHA,0.07737315689364235
419,WAQRAQQSQHA,0.26564184416444886
420,WAQRAQVSQHA,0.4272942767786256
421,WQQRAQISQHA,0.3011133213234885
422,WQQRAQQSQHA,0.35652465310790826
423,WQQRAQVSQHA,0.5312172610669715
424,WWQRAQISQHA,0.33091244176726764
425,WWQRAQQSQHA,0.6651947385274276
426,WWQRAQVSQHA,0.5161420039074843
427,WAQRAQLKQHA,0.16074263305429815
428,WAQRAQLRQHA,0.2629140538252486
429,WAQRAQLLQHA,-0.01280888547251094
430,WAQRAQLCQHA,0.26291546440275587
431,WAQRAQLTQHA,0.17176985628483596
432,WQQRAQLKQHA,0.39352008813542416
433,WQQRAQLRQHA,0.4956915089063747
434,WQQRAQLLQHA,0.21996856960861513
435,WQQRAQLCQHA,0.495692919483882
436,WQQRAQLTQHA,0.4045473113659621
437,WWQRAQLKQHA,0.3413643725394809
438,WWQRAQLLQHA,0.1678128540126718
439,WWQRAQLCQHA,0.4435372038879386
440,WAQRAQLSKHA,-0.20728615716762147
441,WAQRAQLSAHA,0.025772325245848715
442,WQQRAQLSKHA,0.025491297913504685
443,WWQRAQLSKHA,-0.026664417682438737
444,WAQRAQLSQYA,-0.13307746511362564
445,WQQRAQLSQYA,0.17841499975540864
446,WWQRAQLSQFA,0.14082964066054773
447,WWQRAQLSQYA,0.06772809648097326
448,WAQRAQLSQHS,0.39635994580983147
449,WQQRAQLSQHS,0.6291374008909576
450,WWQRAQLSQHS,0.5769816852950141
451,WFNQAQLSQHA,0.47353694143265285
452,WFNLAQLSQHA,0.5411435805301787
453,WFNAAQLSQHA,0.3050521983823011
454,WFNHAQLSQHA,0.25882682226244075
455,WFNCAQLSQHA,0.3106483808922818
456,WFNPAQLSQHA,0.26684142709522984
457,WFGTAQLSQHA,0.42786193329413513
458,WFGQAQLSQHA,0.42733732067727975
459,WFGLAQLSQHA,0.49494395977480576
460,WFGAAQLSQHA,0.25885257762692804
461,WFGHAQLSQHA,0.21262720150706763
462,WFGCAQLSQHA,0.26444876013690877
463,WFGPAQLSQHA,0.22064180633985678
464,WFNRMQLSQHA,0.4911721355623555
465,WFNRIQLSQHA,0.18244119642633114
466,WFGRMQLSQHA,0.5583330714016668
467,WFGRIQLSQHA,0.37913742589600924
468,WFNRARLSQHA,0.21703709733058857
469,WFGRARLSQHA,0.17083747657521542
470,WFNRAQISQHA,0.19323405118821976
471,WFNRAQQSQHA,0.34938983603910767
472,WFNRAQVSQHA,0.38665980667227884
473,WFGRAQISQHA,0.15176376778483214
474,WFGRAQQSQHA,0.12581439772196823
475,WFGRAQVSQHA,0.37758631191423875
476,WFNRAQLKQHA,0.22980957593841486
477,WFNRAQLRQHA,0.3319809967093653
478,WFNRAQLLQHA,0.056258057411605764
479,WFNRAQLCQHA,0.3319824072868726
480,WFNRAQLTQHA,0.24083679916895265
481,WFGRAQLKQHA,0.1836099551830418
482,WFGRAQLRQHA,0.2857813759539922
483,WFGRAQLLQHA,0.010058436656232678
484,WFGRAQLCQHA,0.2857827865314995
485,WFGRAQLTQHA,0.1946371784135796
486,WFNRAQLSKHA,-0.08054302332733436
487,WFNRAQLSRHA,0.09303499101252383
488,WFNRAQLSAHA,0.21319640197748393
489,WFGRAQLSKHA,-0.054258780135673396
490,WFGRAQLSRHA,0.2735439639110536
491,WFNRAQLSQFA,0.10795638467725102
492,WFNRAQLSQYA,-0.054325990205208514
493,WFGRAQLSQFA,0.06175676392187794
494,WFGRAQLSQYA,-0.10052561096058157
495,WFNRAQLSQHS,0.46542688869394816
496,WFGRAQLSQHS,0.41922726793857507
497,WFQTMQLSQHA,0.6313948361463888
498,WFQTIQLSQHA,0.4186161516559082
499,WFQQMQLSQHA,0.7702375599050505
500,WFQQIQLSQHA,0.4180045075781315
501,WFQLMQLSQHA,0.39525824141956106
502,WFQLIQLSQHA,0.552284651117059
503,WFQAMQLSQHA,0.23678603303109308
504,WFQAIQLSQHA,0.3907507166016859
505,WFQHMQLSQHA,0.2953165499283472
506,WFQCMQLSQHA,0.43319627035362096
507,WFQCIQLSQHA,0.1892583633825409
508,WFQPMQLSQHA,0.3455724509270438
509,WFQPIQLSQHA,0.05217138215484251
510,WFQTARLSQHA,0.3610448495236684
511,WFQQARLSQHA,0.36052023690681295
512,WFQLARLSQHA,0.428126876004339
513,WFQAARLSQHA,0.1920354938564612
514,WFQHARLSQHA,0.14581011773660088
515,WFQCARLSQHA,0.19763167636644197
516,WFQPARLSQHA,0.15382472256939003
517,WFQTAQISQHA,0.4877840897955219
518,WFQTAQQSQHA,0.5480987470894296
519,WFQTAQVSQHA,0.5769166515259909
520,WFQQAQISQHA,0.48725947717866647
521,WFQQAQQSQHA,0.5475741344725742
522,WFQQAQVSQHA,0.5763920389091356
523,WFQLAQISQHA,0.5548661162761924
524,WFQLAQQSQHA,0.6151807735701001
525,WFQLAQVSQHA,0.6439986780066616
526,WFQAAQISQHA,0.31877473412831486
527,WFQAAQQSQHA,0.3790893914222224
528,WFQAAQVSQHA,0.4079072958587838
529,WFQHAQISQHA,0.2725493580084544
530,WFQHAQQSQHA,0.3328640153023621
531,WFQHAQVSQHA,0.36168191973892355
532,WFQCAQISQHA,0.3243709166382955
533,WFQCAQQSQHA,0.3846855739322032
534,WFQCAQVSQHA,0.4135034783687646
535,WFQPAQISQHA,0.2805639628412436
536,WFQPAQQSQHA,0.3408786201351513
537,WFQPAQVSQHA,0.3696965245717126
538,WFQTAQLKQHA,0.10303341439988317
539,WFQTAQLLQHA,0.11439398908431747
540,WFQTAQLCQHA,0.324092117145553
541,WFQTAQLTQHA,0.06969303413668472
542,WFQQAQLKQHA,0.37150064749439393
543,WFQQAQLRQHA,0.44322550267795946
544,WFQQAQLLQHA,0.1754404218235324
545,WFQQAQLCQHA,0.44936629486830665
546,WFQQAQLTQHA,0.48988622132966
547,WFQLAQLKQHA,0.34784690545631614
548,WFQLAQLRQHA,0.48279056639262646
549,WFQLAQLLQHA,0.13321371032880566
550,WFQLAQLCQHA,0.5814290499494676
551,WFQLAQLTQHA,0.5687380199574064
552,WFQAAQLKQHA,0.38810245702758156
553,WFQAAQLRQHA,0.3682753942442916
554,WFQAAQLLQHA,0.08048309875034682
555,WFQAAQLCQHA,0.632627403793326
556,WFQAAQLTQHA,0.27091151616471254
557,WFQHAQLKQHA,0.07191962439898403
558,WFQHAQLRQHA,0.3075158106919705
559,WFQHAQLLQHA,0.04468372441110222
560,WFQHAQLCQHA,0.3219304437259752
561,WFQHAQLTQHA,0.2506096666943306
562,WFQCAQLKQHA,0.3476580511242192
563,WFQCAQLRQHA,0.38891120994405176
564,WFQCAQLLQHA,0.09159661322532918
565,WFQCAQLCQHA,0.5213209688521965
566,WFQCAQLTQHA,0.4026348799655226
567,WFQPAQLKQHA,0.16829425430924852
568,WFQPAQLRQHA,0.3313790221571141
569,WFQPAQLLQHA,-0.0779519758103225
570,WFQPAQLCQHA,0.23256356406561693
571,WFQPAQLTQHA,0.32423952939772865
572,WFQTAQLSKHA,0.00578853790957509
573,WFQTAQLSRHA,0.478192975048815
574,WFQTAQLSAHA,0.2388470203230453
575,WFQQAQLSKHA,0.005263925292719815
576,WFQQAQLSRHA,0.4776683624319597
577,WFQQAQLSAHA,0.23832240770618995
578,WFQLAQLSKHA,0.07287056439024568
579,WFQLAQLSRHA,0.5452750015294856
580,WFQAAQLSKHA,-0.163220817757632
581,WFQHAQLSKHA,-0.20944619387749236
582,WFQHAQLSRHA,0.26295824326174766
583,WFQHAQLSAHA,0.023612288535977844
584,WFQCAQLSKHA,-0.1576246352476512
585,WFQCAQLSRHA,0.31477980189158883
586,WFQCAQLSAHA,0.075433847165819
587,WFQPAQLSKHA,-0.20143158904470318
588,WFQPAQLSRHA,0.2709728480945368
589,WFQTAQLSQFA,0.0821207225265993
590,WFQTAQLSQYA,0.047756122405574634
591,WFQQAQLSQFA,0.3714517802092789
592,WFQQAQLSQYA,0.08946400967924845
593,WFQLAQLSQFA,0.2574082472113542
594,WFQLAQLSQYA,0.07182749646588625
595,WFQAAQLSQFA,0.28968485625394796
596,WFQAAQLSQYA,0.1597634354686823
597,WFQHAQLSQFA,-0.06195339354224036
598,WFQHAQLSQYA,-0.22433973704815846
599,WFQCAQLSQFA,0.20244245587324192
600,WFQCAQLSQYA,0.09178338721726248
601,WFQPAQLSQFA,0.040635594611120845
602,WFQPAQLSQYA,-0.057247795154792364
603,WFQTAQLSQHS,0.5473008259599449
604,WFQQAQLSQHS,0.43095268956894395
605,WFQLAQLSQHS,0.6717304418784171
606,WFQAAQLSQHS,0.39801438020737206
607,WFQHAQLSQHS,0.4225153167122046
608,WFQCAQLSQHS,0.40133055227023073
609,WFQPAQLSQHS,0.3204044501858618
610,WFQRMRLSQHA,0.2516347991509403
611,WFQRIRLSQHA,0.06637811501111918
612,WFQRMQISQHA,0.12527654370098462
613,WFQRMQQSQHA,0.25607464799022117
614,WFQRMQVSQHA,0.1216971280506907
615,WFQRIQISQHA,0.0768539444189895
616,WFQRIQQSQHA,0.28082215213721223
617,WFQRIQVSQHA,0.0716763282276181
618,WFQRMQLKQHA,0.26440727775876666
619,WFQRMQLRQHA,0.3665786985297171
620,WFQRMQLLQHA,0.09085575923195757
621,WFQRMQLCQHA,0.36658010910722444
622,WFQRMQLTQHA,0.2754345009893045
623,WFQRIQLKQHA,0.07915059361894548
624,WFQRIQLRQHA,0.18132201438989598
625,WFQRIQLLQHA,-0.09440092490786353
626,WFQRIQLCQHA,0.1813234249674033
627,WFQRIQLTQHA,0.09017781684948334
628,WFQRMQLSKHA,-0.10362151246315293
629,WFQRMQLSRHA,0.36878292467608703
630,WFQRMQLSAHA,0.12943696995031725
631,WFQRIQLSKHA,-0.2888781966029741
632,WFQRMQLSQFA,0.14255408649760284
633,WFQRMQLSQYA,-0.01972828838485667
634,WFQRIQLSQFA,-0.04270259764221828
635,WFQRIQLSQYA,-0.20498497252467776
636,WFQRMQLSQHS,0.5000245905142999
637,WFQRIQLSQHS,0.3147679063744789
638,WFQRARISQHA,0.5794592859611469
639,WFQRARQSQHA,0.25583542642889906
640,WFQRARVSQHA,0.3454642159087054
641,WFQRARLKQHA,0.11679287141257508
642,WFQRARLRQHA,0.21896429218352553
643,WFQRARLLQHA,-0.056758647114234034
644,WFQRARLCQHA,0.2189657027610328
645,WFQRARLTQHA,0.12782009464311286
646,WFQRARLSKHA,-0.25123591880934454
647,WFQRARLSRHA,0.2211685183298955
648,WFQRARLSAHA,-0.018177436395874345
649,WFQRARLSQFA,-0.00506031984858879
650,WFQRARLSQYA,-0.1673426947310483
651,WFQRARLSQHS,0.3524101841681084
652,WFQRAQIKQHA,0.24353211168442854
653,WFQRAQIRQHA,0.345703532455379
654,WFQRAQILQHA,0.06998059315761951
655,WFQRAQITQHA,0.2545593349149664
656,WFQRAQQKQHA,0.30384676897833623
657,WFQRAQQRQHA,0.4060181897492866
658,WFQRAQQLQHA,0.13029525045152712
659,WFQRAQQCQHA,0.406019600326794
660,WFQRAQQTQHA,0.3148739922088741
661,WFQRAQVKQHA,0.3326646734148976
662,WFQRAQVRQHA,0.4348360941858482
663,WFQRAQVLQHA,0.15911315488808855
664,WFQRAQVCQHA,0.4348375047633553
665,WFQRAQVTQHA,0.3436918966454355
666,WFQRAQISKHA,-0.08998720465006867
667,WFQRAQISRHA,0.3364289922400865
668,WFQRAQQSKHA,-0.20466072143466363
669,WFQRAQQSRHA,0.21140202190296112
670,WFQRAQQSAHA,0.07201098473173852
671,WFQRAQVSKHA,0.10429740809650113
672,WFQRAQVSRHA,0.277054334805423
673,WFQRAQVSAHA,0.2385600366115943
674,WFQRAQISQFA,0.19072229895889484
675,WFQRAQISQYA,-0.1269850812899802
676,WFQRAQQSQFA,0.30915304311649094
677,WFQRAQQSQYA,0.2748838681019747
678,WFQRAQVSQFA,0.31801358573776123
679,WFQRAQVSQYA,0.2857131097364899
680,WFQRAQISQHS,0.47914942443996184
681,WFQRAQQSQHS,0.5394640817338695
682,WFQRAQVSQHS,0.5682819861704309
683,WFQRAQLKKHA,0.008460287239343212
684,WFQRAQLRKHA,-0.11436489046158185
685,WFQRAQLRAHA,0.4007621675809929
686,WFQRAQLLKHA,0.08107908730833667
687,WFQRAQLLAHA,0.34207402245678115
688,WFQRAQLCKHA,0.03127079570513202
689,WFQRAQLCRHA,0.13699138215665443
690,WFQRAQLCAHA,0.17057288566074177
691,WFQRAQLTKHA,-0.12629123655937943
692,WFQRAQLTRHA,0.2637794606267004
693,WFQRAQLTAHA,0.17534698104425664
694,WFQRAQLKQFA,0.006037240741558133
695,WFQRAQLKQYA,0.2801002144877787
696,WFQRAQLRQFA,0.46258487560430583
697,WFQRAQLRQYA,0.3615298999487704
698,WFQRAQLLQFA,0.11069174708905628
699,WFQRAQLLQYA,0.1240331848616055
700,WFQRAQLCQFA,0.36529587894999443
701,WFQRAQLCQYA,0.2349147407022146
702,WFQRAQLTQFA,0.3485005819983099
703,WFQRAQLTQYA,-0.12651948933760682
704,WFQRAQLKQHS,0.36518266277593464
705,WFQRAQLRQHS,0.46735408354688507
706,WFQRAQLLQHS,0.19163114424912556
707,WFQRAQLCQHS,0.4673554941243924
708,WFQRAQLTQHS,0.3762098860064725
709,WFQRAQLSKFA,0.21449337098127702
710,WFQRAQLSKYA,0.22200700136007054
711,WFQRAQLSRFA,0.25492392661811103
712,WFQRAQLSRYA,0.19563942716724955
713,WFQRAQLSAFA,0.10619987837472866
714,WFQRAQLSAYA,0.2934436866404068
715,WFQRAQLSKHS,0.40272524156777384
716,WFQRAQLSRHS,0.3838560506796787
717,WFQRAQLSAHS,0.14313542291432452
718,WFQRAQLSQFS,0.15069342762873267
719,WFQRAQLSQYS,-0.08790552469637904
720,SANTAQLSQHA,0.19406024031901647
721,SANLAQLSQHA,0.11535310514961149
722,SANAAQLSQHA,-0.3149069214300248
723,SANHAQLSQHA,-0.29955359680421834
724,SANCAQLSQHA,-0.4951320342419073
725,SANPAQLSQHA,-0.10277709954732973
726,SAGTAQLSQHA,0.03586144939524547
727,SAGQAQLSQHA,-0.42053058555006834
728,SAGLAQLSQHA,-0.042845685774159474
729,SAGAAQLSQHA,-0.4731057123537958
730,SAGHAQLSQHA,-0.4577523877279894
731,SAGCAQLSQHA,-0.6533308251656783
732,SAGPAQLSQHA,-0.26097589047110065
733,SQNTAQLSQHA,0.3292038417585354
734,SQNQAQLSQHA,-0.11478483104394431
735,SQNLAQLSQHA,0.04898030056892995
736,SQNAAQLSQHA,-0.15574927247946
737,SQNCAQLSQHA,-0.12138373077987286
738,SQNPAQLSQHA,0.11372204785732971
739,SQGTAQLSQHA,0.17100505083476444
740,SQGQAQLSQHA,-0.2729836219677153
741,SQGLAQLSQHA,-0.10921849035484103
742,SQGAAQLSQHA,-0.31394806340323095
743,SQGHAQLSQHA,-0.3471762142840554
744,SQGCAQLSQHA,-0.2795825217036439
745,SQGPAQLSQHA,-0.044476743066441275
746,SWNTAQLSQHA,0.35853685249217093
747,SWNQAQLSQHA,-0.03946238693918668
748,SWNLAQLSQHA,0.17979749194107467
749,SWNAAQLSQHA,-0.13797781779760585
750,SWNHAQLSQHA,-0.006186888110528557
751,SWNCAQLSQHA,0.00046250665443818437
752,SWNPAQLSQHA,-0.03937035092371439
753,SWGTAQLSQHA,0.20033806156839995
754,SWGQAQLSQHA,-0.19766117786295767
755,SWGAAQLSQHA,-0.2961766087213768
756,SWGHAQLSQHA,-0.1643856790342995
757,SWGCAQLSQHA,-0.1577362842693328
758,SWGPAQLSQHA,-0.1975691418474854
759,SANRMQLSQHA,-0.2047100723555741
760,SANRIQLSQHA,0.11934973072937946
761,SAGRMQLSQHA,-0.21507504039802255
762,SAGRIQLSQHA,-0.11404698619299447
763,SQNRMQLSQHA,-0.03783953879900037
764,SQNRIQLSQHA,0.20034775145302008
765,SQGRMQLSQHA,-0.048204506841448835
766,SQGRIQLSQHA,-0.03304896546935383
767,SWNRMQLSQHA,0.057672740065341906
768,SWNRIQLSQHA,0.39583379379551753
769,SWGRMQLSQHA,0.04730777202289342
770,SWGRIQLSQHA,0.16243707687314357
771,SANRARLSQHA,0.5226623427434723
772,SAGRARLSQHA,0.36446355181970147
773,SQNRARLSQHA,0.524002277458527
774,SQGRARLSQHA,0.3658034865347561
775,SANRAQISQHA,-0.19547623770006126
776,SANRAQQSQHA,0.12776246877027722
777,SAGRAQISQHA,-0.3489456912718468
778,SAGRAQQSQHA,-0.2078121397152601
779,SAGRAQVSQHA,0.327395017252471
780,SQNRAQISQHA,-0.08922295745128925
781,SQNRAQQSQHA,0.10115839353266244
782,SQNRAQVSQHA,0.4349037822861808
783,SQGRAQISQHA,-0.2426924110230747
784,SQGRAQQSQHA,-0.23441621495287493
785,SQGRAQVSQHA,0.31383111735974284
786,SWNRAQISQHA,0.15991694656130725
787,SWNRAQQSQHA,0.6291692625209993
788,SWNRAQVSQHA,0.6391693086955108
789,SWGRAQISQHA,0.006447492989521777
790,SWGRAQQSQHA,0.29359465403546187
791,SWGRAQVSQHA,0.5180966437690729
792,SANRAQLKQHA,-0.074150314161393
793,SANRAQLRQHA,0.028021106609557454
794,SANRAQLLQHA,-0.2477018326882021
795,SANRAQLCQHA,0.028022517187064774
796,SANRAQLTQHA,-0.06312309093085518
797,SAGRAQLKQHA,-0.23234910508516393
798,SAGRAQLRQHA,-0.13017768431421353
799,SAGRAQLLQHA,-0.40590062361197304
800,SAGRAQLCQHA,-0.13017627373670623
801,SAGRAQLTQHA,-0.22132188185462615
802,SQNRAQLKQHA,0.04114025673865896
803,SQNRAQLRQHA,0.14331167750960946
804,SQNRAQLLQHA,-0.13241126178815008
805,SQNRAQLCQHA,0.14331308808711676
806,SQNRAQLTQHA,0.052167479969196816
807,SQGRAQLKQHA,-0.11705853418511197
808,SQGRAQLRQHA,-0.01488711341416152
809,SQGRAQLLQHA,-0.29061005271192103
810,SQGRAQLCQHA,-0.014885702836654175
811,SQGRAQLTQHA,-0.10603131095457413
812,SWNRAQLKQHA,0.208325324711533
813,SWNRAQLCQHA,0.3104981560599907
814,SWNRAQLTQHA,0.21935254794207085
815,SWGRAQLRQHA,0.15229795455871245
816,SWGRAQLCQHA,0.15229936513621978
817,SWGRAQLTQHA,0.061153757018299844
818,SANRAQLSRHA,-0.21092489908728404
819,SANRAQLSAHA,-0.0907634881223239
820,SAGRAQLSRHA,-0.14241509635715216
821,SQNRAQLSKHA,-0.2692123425270902
822,SQNRAQLSRHA,-0.09563432818723204
823,SQNRAQLSAHA,0.02452708277772806
824,SQGRAQLSKHA,-0.3549272695038271
825,SWNRAQLSKHA,-0.10202727455421622
826,SWNRAQLSAHA,0.19171215075060208
827,SWGRAQLSKHA,-0.18774220153095314
828,SWGRAQLSAHA,-0.06642868736929458
829,SANRAQLSQFA,-0.18189478681276883
830,SANRAQLSQYA,-0.3679704123293167
831,SAGRAQLSQFA,-0.34009357773653975
832,SAGRAQLSQYA,-0.5261692032530877
833,SQNRAQLSQFA,0.0544367802579524
834,SQNRAQLSQYA,-0.1739648316413566
835,SQGRAQLSQFA,-0.10376201066581857
836,SQGRAQLSQYA,-0.33216362256512755
837,SWNRAQLSQYA,-0.06531095134697464
838,SWGRAQLSQFA,-0.1504081980911711
839,SANRAQLSQHS,-0.08899135944912845
840,SAGRAQLSQHS,-0.24719015037289938
841,SQNRAQLSQHS,0.02629921145092357
842,SQGRAQLSQHS,-0.13189957947284742
843,SAQTMQLSQHA,0.02995617670665446
844,SAQTIQLSQHA,0.1801409882730295
845,SAQQMQLSQHA,-0.385913898175515
846,SAQLMQLSQHA,-0.16645855916879987
847,SAQLIQLSQHA,-0.15956048937599968
848,SAQHIQLSQHA,-0.29948460975691366
849,SAQCMQLSQHA,-0.3984601248297821
850,SAQPMQLSQHA,-0.3723635704592402
851,SAQPIQLSQHA,-0.23142302805452808
852,SQQTMQLSQHA,0.22543190171822955
853,SQQTIQLSQHA,0.3541268620935434
854,SQQQMQLSQHA,-0.2579872819193217
855,SQQQIQLSQHA,-0.24218202945410122
856,SQQLIQLSQHA,-0.042139941969555485
857,SQQAMQLSQHA,-0.37517692676838427
858,SQQAIQLSQHA,-0.3966814342303046
859,SQQHMQLSQHA,-0.10780111422029025
860,SQQHIQLSQHA,-0.17543143433116118
861,SQQCMQLSQHA,-0.4248530413982683
862,SQQCIQLSQHA,-0.26138911150142885
863,SQQPMQLSQHA,-0.2608931573717905
864,SQQPIQLSQHA,-0.11904478947321984
865,SWQTMQLSQHA,0.2564434114933287
866,SWQTIQLSQHA,0.18733211732218685
867,SWQQMQLSQHA,0.15213193520914298
868,SWQQIQLSQHA,-0.022251351305239232
869,SWQLMQLSQHA,0.009952247675293195
870,SWQLIQLSQHA,0.11623232797329135
871,SWQAMQLSQHA,-0.1475854598512956
872,SWQAIQLSQHA,-0.15503588976298868
873,SWQHMQLSQHA,-0.005106923349946931
874,SWQHIQLSQHA,0.022851575771343016
875,SWQCMQLSQHA,-0.030962424748926076
876,SWQCIQLSQHA,-0.1908116706502265
877,SWQPIQLSQHA,0.04111839971635552
878,SAQTARLSQHA,0.3970465258953459
879,SAQQARLSQHA,-0.05934550904996793
880,SAQLARLSQHA,0.318339390725941
881,SAQAARLSQHA,-0.11192063585369533
882,SAQHARLSQHA,-0.09656731122788888
883,SAQCARLSQHA,-0.2921457486655779
884,SAQPARLSQHA,0.10020918602899975
885,SQQTARLSQHA,0.41823949114986747
886,SQQQARLSQHA,-0.025749181652612238
887,SQQLARLSQHA,0.13801594996026198
888,SQQAARLSQHA,-0.06671362308812794
889,SQQHARLSQHA,-0.09994177396895232
890,SQQCARLSQHA,-0.032348081388540846
891,SQQPARLSQHA,0.20275769724866183
892,SWQTARLSQHA,0.27525331691921595
893,SWQAARLSQHA,-0.22126135337056077
894,SWQHARLSQHA,-0.0894704236834835
895,SAQTAQISQHA,-0.1705497681339654
896,SAQTAQQSQHA,0.0568478107793928
897,SAQQAQISQHA,-0.6269418030792793
898,SAQQAQVSQHA,-0.08729107695389901
899,SAQLAQVSQHA,0.29039382282200993
900,SAQAAQVSQHA,-0.1398662037576264
901,SAQHAQISQHA,-0.6641636052572003
902,SAQCAQISQHA,-0.8597420426948894
903,SAQCAQQSQHA,-0.6323444637815311
904,SAQPAQISQHA,-0.4673871080003116
905,SAQPAQQSQHA,-0.2399895290869534
906,SAQPAQVSQHA,0.07226361812506865
907,SQQTAQQSQHA,0.050096766081244956
908,SQQTAQVSQHA,0.37539008863815365
909,SQQQAQISQHA,-0.48843213014820624
910,SQQQAQQSQHA,-0.3938919067212348
911,SQQQAQVSQHA,-0.06859858416432611
912,SQQLAQQSQHA,-0.23012677510836055
913,SQQLAQVSQHA,0.09516654744854813
914,SQQAAQISQHA,-0.5293965715837219
915,SQQAAQQSQHA,-0.4348563481567505
916,SQQHAQISQHA,-0.5626247224645463
917,SQQHAQVSQHA,-0.14279117648066622
918,SQQCAQQSQHA,-0.4004908064571634
919,SQQPAQISQHA,-0.25992525124693217
920,SQQPAQVSQHA,0.1599082947369479
921,SWQTAQISQHA,0.06684438942763155
922,SWQTAQVSQHA,0.44180355780824526
923,SWQQAQQSQHA,0.0422563383989856
924,SWQLAQQSQHA,0.26151621727924695
925,SWQLAQVSQHA,0.26306419725714897
926,SWQAAQISQHA,-0.4296702808621452
927,SWQAAQQSQHA,-0.05625909245943353
928,SWQAAQVSQHA,-0.05471111248153155
929,SWQHAQQSQHA,0.07553183722764373
930,SWQHAQVSQHA,0.07707981720554576
931,SWQCAQQSQHA,0.08218123199261045
932,SWQPAQISQHA,-0.3310628139882537
933,SWQPAQQSQHA,0.0423483744144579
934,SWQPAQVSQHA,0.043896354392359886
935,SAQTAQLKQHA,-0.470550044741131
936,SAQTAQLRQHA,-0.2930385097326473
937,SAQTAQLLQHA,-0.45918947005669675
938,SAQTAQLCQHA,-0.2494913419954612
939,SAQTAQLTQHA,-0.5038904250043295
940,SAQQAQLKQHA,-0.6579502339750788
941,SAQQAQLRQHA,-0.5862253787915133
942,SAQQAQLLQHA,-0.8540104596459404
943,SAQQAQLCQHA,-0.5800845866011661
944,SAQQAQLTQHA,-0.5395646601398127
945,SAQLAQLKQHA,-0.3715257153347736
946,SAQLAQLRQHA,-0.23658205439846325
947,SAQLAQLLQHA,-0.5861589104622841
948,SAQLAQLCQHA,-0.13794357084162198
949,SAQLAQLTQHA,-0.15063460083368332
950,SAQAAQLKQHA,-0.5254388081952668
951,SAQAAQLRQHA,-0.5452658709785566
952,SAQAAQLLQHA,-0.8330581664725016
953,SAQAAQLCQHA,-0.28091386142952235
954,SAQAAQLTQHA,-0.6426297490581357
955,SAQHAQLKQHA,-0.7800429400781975
956,SAQHAQLLQHA,-0.8072788400660794
957,SAQHAQLCQHA,-0.5300321207512063
958,SAQHAQLTQHA,-0.601352897782851
959,SAQCAQLKQHA,-0.7517045094204925
960,SAQCAQLRQHA,-0.7104513506006599
961,SAQCAQLLQHA,-1.0077659473193827
962,SAQCAQLCQHA,-0.5780415916925151
963,SAQCAQLTQHA,-0.6967276805791891
964,SAQPAQLKQHA,-0.4949064177438334
965,SAQPAQLRQHA,-0.3318216498959679
966,SAQPAQLLQHA,-0.7411526478634045
967,SAQPAQLCQHA,-0.43063710798746513
968,SAQPAQLTQHA,-0.3389611426553534
969,SQQTAQLLQHA,-0.32404586861717777
970,SQQTAQLCQHA,-0.1143477405559422
971,SQQTAQLTQHA,-0.3687468235648105
972,SQQQAQLKQHA,-0.5104032703927256
973,SQQQAQLRQHA,-0.43867841520916007
974,SQQQAQLLQHA,-0.706463496063587
975,SQQQAQLCQHA,-0.432537623018813
976,SQQQAQLTQHA,-0.3920176965574596
977,SQQLAQLKQHA,-0.4378985199154551
978,SQQLAQLRQHA,-0.30295485897914476
979,SQQLAQLLQHA,-0.6525317150429655
980,SQQLAQLCQHA,-0.20431637542230344
981,SQQLAQLTQHA,-0.21700740541436475
982,SQQAAQLKQHA,-0.36628115924470195
983,SQQAAQLRQHA,-0.38610822202799183
984,SQQAAQLLQHA,-0.6739005175219366
985,SQQAAQLCQHA,-0.12175621247895752
986,SQQAAQLTQHA,-0.48347210010757097
987,SQQHAQLKQHA,-0.6694667666342635
988,SQQHAQLRQHA,-0.43387058034127707
989,SQQHAQLLQHA,-0.6967026666221453
990,SQQHAQLCQHA,-0.41945594730727237
991,SQQHAQLTQHA,-0.49077672433891695
992,SQQCAQLKQHA,-0.3779562059584579
993,SQQCAQLRQHA,-0.33670304713862537
994,SQQCAQLLQHA,-0.6340176438573479
995,SQQCAQLCQHA,-0.20429328823048062
996,SQQCAQLTQHA,-0.32297937711715446
997,SQQPAQLKQHA,-0.278407270339174
998,SQQPAQLRQHA,-0.11532250249130849
999,SQQPAQLLQHA,-0.524653500458745
1000,SQQPAQLCQHA,-0.21413796058280565
1001,SQQPAQLTQHA,-0.12246199525069391
1002,SWQTAQLKQHA,-0.30607343256797653
1003,SWQTAQLRQHA,-0.12856189755949285
1004,SWQTAQLLQHA,-0.2947128578835422
1005,SWQTAQLTQHA,-0.339413812831175
1006,SWQQAQLRQHA,-0.3633559711044025
1007,SWQQAQLLQHA,-0.6311410519588295
1008,SWQQAQLCQHA,-0.35721517891405535
1009,SWQQAQLTQHA,-0.31669525245270197
1010,SWQLAQLKQHA,-0.30708132854331044
1011,SWQLAQLRQHA,-0.17213766760700008
1012,SWQLAQLLQHA,-0.5217145236708208
1013,SWQLAQLCQHA,-0.07349918405015882
1014,SWQLAQLTQHA,-0.0861902140422201
1015,SWQAAQLKQHA,-0.3485097045628478
1016,SWQAAQLLQHA,-0.6561290628400825
1017,SWQAAQLCQHA,-0.10398475779710341
1018,SWQAAQLTQHA,-0.4657006454257168
1019,SWQHAQLKQHA,-0.4866762313845076
1020,SWQHAQLRQHA,-0.25108004509152126
1021,SWQHAQLLQHA,-0.5139121313723894
1022,SWQHAQLCQHA,-0.23666541205751654
1023,SWQCAQLKQHA,-0.25610996852414697
1024,SWQCAQLRQHA,-0.2148568097043143
1025,SWQCAQLTQHA,-0.2011331396828435
1026,SWQPAQLKQHA,-0.4314996691202181
1027,SWQPAQLRQHA,-0.2684149012723526
1028,SWQPAQLCQHA,-0.3672303593638498
1029,SAQTAQLSKHA,-0.567794921231439
1030,SAQQAQLSKHA,-1.024186956176753
1031,SAQQAQLSAHA,-0.7911284737632829
1032,SAQLAQLSKHA,-0.646502056400844
1033,SAQLAQLSRHA,-0.17409761926160405
1034,SAQAAQLSKHA,-1.0767620829804803
1035,SAQAAQLSRHA,-0.6043576458412404
1036,SAQPAQLSKHA,-0.8646322610977851
1037,SQQTAQLSKHA,-0.4326513197919201
1038,SQQQAQLSKHA,-0.8766399925943997
1039,SQQQAQLSAHA,-0.6435815101809296
1040,SQQLAQLSKHA,-0.7128748609815254
1041,SQQAAQLSKHA,-0.9176044340299154
1042,SQQAAQLSRHA,-0.4451999968906755
1043,SQQAAQLSAHA,-0.6845459516164453
1044,SQQHAQLSKHA,-0.95083258491074
1045,SQQHAQLSRHA,-0.4784281477715
1046,SQQHAQLSAHA,-0.7177741024972697
1047,SQQCAQLSKHA,-0.8832388923303284
1048,SQQCAQLSAHA,-0.6501804099168582
1049,SAQAAQLSQYA,-0.7634623617784666
1050,SAQHAQLSQFA,-0.8998072394096339
1051,SAQCAQLSQFA,-0.8828113860616817
1052,SAQPAQLSQYA,-0.7301329992321748
1053,SQQTAQLSQFA,-0.22116942039443874
1054,SQQTAQLSQYA,-0.3216532575323129
1055,SQQQAQLSQFA,-0.3753024228973834
1056,SQQQAQLSQYA,-0.7234094304442632
1057,SQQLAQLSQYA,-0.6448874511422772
1058,SQQHAQLSQYA,-0.8966956503177983
1059,SQQCAQLSQYA,-0.5648003921018069
1060,SQQPAQLSQYA,-0.4349188420396072
1061,SWQTAQLSQFA,-0.4056676650590298
1062,SWQTAQLSQYA,-0.3508514344771694
1063,SWQLAQLSQFA,-0.4762015274060417
1064,SWQAAQLSQFA,-0.5256088459542507
1065,SWQAAQLSQYA,-0.5663494360366313
1066,SWQHAQLSQFA,-0.6992307899435013
1067,SWQHAQLSQYA,-0.7724363027465344
1068,SWQCAQLSQYA,-0.5014853423459879
1069,SWQPAQLSQFA,-0.6378398694361153
1070,SWQPAQLSQYA,-0.6465424284991431
1071,SAQTAQLSQHS,-0.15820118512235656
1072,SAQLAQLSQHS,-0.005710761107365418
1073,SAQAAQLSQHS,-0.19649928015128248
1074,SAQCAQLSQHS,-0.6166958928666125
1075,SAQPAQLSQHS,-0.24359857004696608
1076,SQQTAQLSQHS,-0.023057583682837602
1077,SQQQAQLSQHS,-0.3331686292950035
1078,SQQAAQLSQHS,-0.03734163120071768
1079,SQQRIRLSQHA,0.428123382728422
1080,SWQRMRLSQHA,0.2302122543699732
1081,SWQRIRLSQHA,0.4512902401066324
1082,SAQRMQISQHA,-0.10680347602400624
1083,SAQRMQQSQHA,-0.089000301831796
1084,SAQRMQVSQHA,0.3685445660008821
1085,SAQRIQQSQHA,0.21263192885574514
1086,SAQRIQVSQHA,0.5791170237218918
1087,SQQRMQISQHA,-0.23115295544272765
1088,SQQRIQQSQHA,-0.13154190956142828
1089,SWQRMQISQHA,-0.037379632604136036
1090,SWQRMQQSQHA,0.03411145632267977
1091,SWQRIQISQHA,0.21139719298327284
1092,SWQRIQVSQHA,0.6623497874049951
1093,SAQRMQLRQHA,-0.24054197303557334
1094,SAQRMQLLQHA,-0.5162649123333328
1095,SAQRIQLLQHA,-0.3092881772418958
1096,SAQRIQLTQHA,-0.12470943548454881
1097,SQQRMQLRQHA,-0.07367143947899961
1098,SQQRIQLRQHA,0.04743278277950447
1099,SQQRIQLLQHA,-0.2282901565182551
1100,SWQRMQLKQHA,-0.0803305813856078
1101,SWQRMQLRQHA,0.02184083938534265
1102,SWQRMQLLQHA,-0.25388209991241684
1103,SWQRMQLCQHA,0.021842249962850013
1104,SWQRMQLTQHA,-0.06930335815506992
1105,SWQRIQLLQHA,-0.032804114175757675
1106,SWQRIQLCQHA,0.24292023569950916
1107,SAQRMQLSKHA,-0.7107421840284435
1108,SAQRMQLSAHA,-0.47768370161497326
1109,SAQRIQLSKHA,-0.5037654489370063
1110,SAQRIQLSRHA,-0.03136101179776623
1111,SQQRMQLSKHA,-0.5438716504718696
1112,SQQRMQLSRHA,-0.07146721333262965
1113,SQQRMQLSAHA,-0.3108131680583995
1114,SQQRIQLSRHA,0.04963700892587444
1115,SWQRMQLSKHA,-0.4483593716075274
1116,SWQRIQLSAHA,0.005777096542601965
1117,SAQRMQLSQFA,-0.45045786645789954
1118,SAQRMQLSQYA,-0.6365334919744476
1119,SAQRIQLSQYA,-0.42955675688301037
1120,SQQRMQLSQFA,-0.16254633673065674
1121,SQQRMQLSQYA,-0.3909479486299656
1122,SWQRMQLSQFA,-0.2808653132645409
1123,SWQRIQLSQYA,-0.13288887170745628
1124,SAQRMQLSQHS,-0.35755443909425916
1125,SAQRIQLSQHS,-0.15057770400282208
1126,SQQRMQLSQHS,-0.1906839055376855
1127,SQQRARQSQHA,0.014309210839809157
1128,SWQRARISQHA,0.20848104181672153
1129,SWQRARQSQHA,0.37000089486385884
1130,SWQRARVSQHA,0.10407895379013453
1131,SAQRARLLQHA,-0.04471554711187262
1132,SQQRARLKQHA,0.13017590612999108
1133,SQQRARLRQHA,0.23234732690094154
1134,SWQRARLRQHA,0.22721320990952848
1135,SWQRARLLQHA,-0.04850972938823107
1136,SWQRARLCQHA,0.22721462048703575
1137,SWQRARLTQHA,0.13606901236911587
1138,SAQRARLSRHA,0.2332116183322569
1139,SQQRARLSAHA,-0.004794401678458308
1140,SWQRARLSKHA,-0.24298700108334162
1141,SQQRARLSQFA,0.14347242964928447
1142,SQQRARLSQYA,-0.08492918225002452
1143,SWQRARLSQYA,-0.1485944869199296
1144,SQQRAQVLQHA,-0.08622501490853186
1145,SWQRAQICQHA,0.018805692995451387
1146,SWQRAQVSRHA,0.23598169141813258
1147,SAQRAQLKRHA,-0.3802390784620494
1148,SAQRAQLRAHA,-0.19677986792933738
1149,SAQRAQLLKHA,-0.5164629482019937
1150,SAQRAQLTAHA,-0.4221950544660737
1151,SQQRAQLKKHA,-0.47379117737093507
1152,SQQRAQLKRHA,-0.2649485075619973
1153,SQQRAQLKAHA,-0.3535912661185026
1154,SQQRAQLRKHA,-0.5966163550718601
1155,SQQRAQLRAHA,-0.08148929702928535
1156,SQQRAQLCRHA,-0.34526008245362383
1157,SQQRAQLCAHA,-0.3116785789495365
1158,SQQRAQLTKHA,-0.6085427011696577
1159,SQQRAQLTRHA,-0.21847200398357794
1160,SQQRAQLTAHA,-0.3069044835660217
1161,SWQRAQLKKHA,-0.30660610939806116
1162,SWQRAQLKAHA,-0.18640619814562862
1163,SWQRAQLRRHA,0.04890485677155954
1164,SWQRAQLLRHA,0.1309715050838884
1165,SWQRAQLLAHA,0.02700762581937681
1166,SWQRAQLTKHA,-0.4413576331967837
1167,SWQRAQLTAHA,-0.1397194155931477
1168,SAQRAQLTQYA,-0.7337460568722375
1169,SQQRAQLKQFA,-0.34106450908826297
1170,SQQRAQLKQYA,-0.1331207723588919
1171,SQQRAQLRQFA,0.11548312577448473
1172,SQQRAQLRQYA,-0.05169108689790026
1173,SQQRAQLLQYA,-0.2891878019850651
1174,SQQRAQLCQFA,0.018194129120173323
1175,SQQRAQLTQFA,0.0013988321684888152
1176,SQQRAQLTQYA,-0.5397404761842775
1177,SWQRAQLLQYA,-0.18053392169068314
1178,SWQRAQLCQFA,-0.028452058305179214
1179,SAQRAQLRQHS,-0.3806463100067139
1180,SAQRAQLLQHS,-0.6563692493044733
1181,SAQRAQLCQHS,-0.38064489942920654
1182,SQQRAQLRQHS,-0.2653557391066619
1183,SQQRAQLCQHS,-0.2653543285291546
1184,SWQRAQLLQHS,-0.37389361043154745
1185,SWQRAQLCQHS,-0.09816926055628059
1186,SAQRAQLSRFA,-0.3285093902824313
1187,SAQRAQLSRYA,-0.41158714036738125
1188,SQQRAQLSKYA,-0.1912139854866001
1189,SQQRAQLSRFA,-0.09217782321171009
1190,SQQRAQLSRYA,-0.21758155967942105
1191,SQQRAQLSAFA,-0.24090187145509245
1192,SQQRAQLSAYA,-0.11977730020626386
1193,SWQRAQLSKYA,-0.0825601051922181
1194,SWQRAQLSRFA,-0.13882401063706262
1195,SWQRAQLSRYA,-0.1089276793850391
1196,SWQRAQLSAFA,-0.28754805888044505
1197,SAQRAQLSKHS,-0.4452751519858252
1198,SAQRAQLSRHS,-0.4641443428739203
1199,SAQRAQLSAHS,-0.7048649706392746
1200,SQQRAQLSKHS,-0.32998458108577317
1201,SQQRAQLSAHS,-0.5895743997392225
1202,SWQRAQLSRHS,-0.1816687040009943
1203,SWQRAQLSAHS,-0.4223893317663485
1204,SFNTMQLSQHA,0.5485678318855446
1205,SFNTIQLSQHA,0.4914687270063569
1206,SFNQMQLSQHA,0.24647111738426328
1207,SFNLMQLSQHA,0.0803727935137449
1208,SFNAMQLSQHA,-0.15369692940014082
1209,SFNAIQLSQHA,0.15594733378174486
1210,SFNHMQLSQHA,-0.014681257464669296
1211,SFNHIQLSQHA,0.19450883235557195
1212,SFNCMQLSQHA,0.07172173649860734
1213,SFNCIQLSQHA,-0.016536590861179888
1214,SFNPMQLSQHA,0.13001014935315133
1215,SFNPIQLSQHA,-0.007711339807757178
1216,SFGTIQLSQHA,0.258072010083983
1217,SFGLMQLSQHA,0.07000782547129641
1218,SFGLIQLSQHA,0.1596820659001618
1219,SFGAMQLSQHA,-0.16406189744258928
1220,SFGAIQLSQHA,-0.07744938314062903
1221,SFGHMQLSQHA,-0.02504622550711778
1222,SFGHIQLSQHA,-0.03888788456680195
1223,SFGCMQLSQHA,0.06135676845615889
1224,SFGCIQLSQHA,-0.2499333077835538
1225,SFGPIQLSQHA,-0.2411080567301311
1226,SFNTARLSQHA,0.7185554746176452
1227,SFNQARLSQHA,0.2770914237408467
1228,SFNLARLSQHA,0.5535790574533437
1229,SFNAARLSQHA,0.24189016078004838
1230,SFNHARLSQHA,0.2761499396984054
1231,SFNPARLSQHA,0.3786000503503184
1232,SFGTARLSQHA,0.5603566836938744
1233,SFGQARLSQHA,0.11889263281707572
1234,SFGLARLSQHA,0.39538026652957275
1235,SFGHARLSQHA,0.11795114877463436
1236,SFGCARLSQHA,0.1182959809424783
1237,SFGPARLSQHA,0.22040125942654754
1238,SFNTAQISQHA,0.41965370006256286
1239,SFNTAQQSQHA,0.6149383765560024
1240,SFNTAQVSQHA,0.8028090617870188
1241,SFNQAQISQHA,-0.021810350814235636
1242,SFNQAQQSQHA,0.17347432567920398
1243,SFNQAQVSQHA,0.3613450109102205
1244,SFNLAQISQHA,0.25467728289826136
1245,SFNLAQQSQHA,0.449961959391701
1246,SFNLAQVSQHA,0.6378326446227175
1247,SFNAAQISQHA,-0.057011613775033984
1248,SFNAAQQSQHA,0.13827306271840561
1249,SFNAAQVSQHA,0.3261437479494221
1250,SFNHAQISQHA,-0.022751834856676978
1251,SFNHAQQSQHA,0.1725328416367626
1252,SFNHAQVSQHA,0.36040352686777904
1253,SFNCAQISQHA,-0.02240700268883303
1254,SFNCAQQSQHA,0.17287767380460659
1255,SFNCAQVSQHA,0.36074835903562313
1256,SFNPAQISQHA,0.07969827579523617
1257,SFNPAQQSQHA,0.27498295228867575
1258,SFNPAQVSQHA,0.46285363751969233
1259,SFGTAQISQHA,0.2661842464907773
1260,SFGTAQQSQHA,0.2793637680704651
1261,SFGTAQVSQHA,0.681736396860581
1262,SFGQAQISQHA,-0.17527980438602112
1263,SFGQAQQSQHA,-0.16210028280633335
1264,SFGQAQVSQHA,0.24027234598378253
1265,SFGLAQISQHA,0.1012078293264759
1266,SFGLAQQSQHA,0.11438735090616364
1267,SFGLAQVSQHA,0.5167599796962796
1268,SFGAAQISQHA,-0.21048106734681946
1269,SFGAAQQSQHA,-0.19730154576713171
1270,SFGAAQVSQHA,0.20507108302298407
1271,SFGHAQISQHA,-0.1762212884284624
1272,SFGHAQQSQHA,-0.16304176684877467
1273,SFGHAQVSQHA,0.2393308619413412
1274,SFGCAQISQHA,-0.1758764562606185
1275,SFGCAQQSQHA,-0.16269693468093074
1276,SFGCAQVSQHA,0.23967569410918516
1277,SFGPAQISQHA,-0.07377117777654932
1278,SFGPAQQSQHA,-0.06059165619686157
1279,SFGPAQVSQHA,0.34178097259325435
1280,SFNTAQLKQHA,0.0728594720449366
1281,SFNTAQLLQHA,0.08422004672937095
1282,SFNTAQLCQHA,0.2939181747906065
1283,SFNTAQLTQHA,0.0395190917817382
1284,SFNQAQLKQHA,-0.09961273312049577
1285,SFNQAQLRQHA,-0.02788787793693022
1286,SFNQAQLCQHA,-0.021747085746583107
1287,SFNQAQLTQHA,0.01877284071477029
1288,SFNLAQLKQHA,0.08561451945639753
1289,SFNLAQLRQHA,0.22055818039270791
1290,SFNLAQLLQHA,-0.1290186756711129
1291,SFNLAQLCQHA,0.31919666394954915
1292,SFNAAQLKQHA,0.05027255650224522
1293,SFNAAQLLQHA,-0.2573468017749895
1294,SFNAAQLCQHA,0.2947975032679897
1295,SFNAAQLTQHA,-0.06691838436062379
1296,SFNHAQLKQHA,-0.18542512108813491
1297,SFNHAQLRQHA,0.050171065204851505
1298,SFNHAQLLQHA,-0.21266102107601667
1299,SFNHAQLCQHA,0.06458569823885624
1300,SFNHAQLTQHA,-0.0067350787927883205
1301,SFNCAQLKQHA,0.03883657917510316
1302,SFNCAQLRQHA,0.08008973799493575
1303,SFNCAQLLQHA,-0.21722485872378694
1304,SFNCAQLCQHA,0.2124994969030804
1305,SFNCAQLTQHA,0.09381340801640653
1306,SFNPAQLKQHA,0.005385014641253622
1307,SFNPAQLRQHA,0.16846978248911923
1308,SFNPAQLLQHA,-0.24086121547831735
1309,SFNPAQLCQHA,0.069654324397622
1310,SFNPAQLTQHA,0.16133028972973376
1311,SFGTAQLKQHA,-0.08533931887883435
1312,SFGTAQLRQHA,0.09217221612964933
1313,SFGTAQLLQHA,-0.0739787441944
1314,SFGTAQLTQHA,-0.11867969914203275
1315,SFGQAQLKQHA,-0.2578115240442667
1316,SFGQAQLRQHA,-0.1860866688607012
1317,SFGQAQLLQHA,-0.4538717497151282
1318,SFGQAQLCQHA,-0.1799458766703541
1319,SFGQAQLTQHA,-0.13942595020900067
1320,SFGLAQLRQHA,0.062359389468936925
1321,SFGLAQLLQHA,-0.28721746659488384
1322,SFGLAQLTQHA,0.14830684303371688
1323,SFGAAQLKQHA,-0.10792623442152571
1324,SFGAAQLLQHA,-0.41554559269876035
1325,SFGHAQLKQHA,-0.34362391201190584
1326,SFGHAQLRQHA,-0.10802772571891946
1327,SFGHAQLTQHA,-0.16493386971655924
1328,SFGCAQLKQHA,-0.11936221174866785
1329,SFGCAQLCQHA,0.05430070597930941
1330,SFGPAQLRQHA,0.010270991565348204
1331,SFGPAQLLQHA,-0.39906000640208833
1332,SFGPAQLTQHA,0.0031314988059627413
1333,SFNTAQLSKHA,0.033290786510798996
1334,SFNTAQLSRHA,0.20686880085065715
1335,SFNQAQLSKHA,-0.4081732643659995
1336,SFNLAQLSKHA,-0.13168563065350247
1337,SFNAAQLSAHA,-0.14963510202197958
1338,SFNHAQLSKHA,-0.4091147484084408
1339,SFNHAQLSRHA,-0.23553673406858266
1340,SFNHAQLSAHA,-0.11537532310362257
1341,SFNCAQLSAHA,-0.11503049093577865
1342,SFNPAQLSAHA,-0.012925212451709422
1343,SFGTAQLSAHA,0.06888937369572067
1344,SFGQAQLSKHA,-0.4938881913427364
1345,SFGQAQLSAHA,-0.37257467718107784
1346,SFGLAQLSKHA,-0.21740055763023938
1347,SFGLAQLSRHA,0.11040218641648757
1348,SFGAAQLSKHA,-0.5290894543035347
1349,SFGCAQLSKHA,-0.49448484321733377
1350,SFGCAQLSAHA,-0.3731713290556753
1351,SFGPAQLSKHA,-0.39237956473326463
1352,SFGPAQLSRHA,-0.06457682068653767
1353,SFNQAQLSQFA,-0.09966160040561077
1354,SFNLAQLSQYA,-0.1904048895340323
1355,SFNPAQLSQYA,-0.22015703482278728
1356,SFGTAQLSQFA,-0.10625201075211822
1357,SFGLAQLSQFA,-0.1630229297123354
1358,SFGAAQLSQYA,-0.33626525598042495
1359,SFGHAQLSQYA,-0.6398832734590484
1360,SFGCAQLSQFA,-0.2645778069996451
1361,SFGCAQLSQYA,-0.3752368756556246
1362,SFNTAQLSQHS,0.3852083316637111
1363,SFNPAQLSQHS,0.25669286233812105
1364,SFGHAQLSQHS,0.22524208514448843
1365,SFGCAQLSQHS,0.015646404805212125
1366,SFGRMRLSQHA,0.48668281636949984
1367,SFGRIRLSQHA,0.2340739629610461
1368,SFNRMQISQHA,-0.05495148586494325
1369,SFNRMQQSQHA,0.21081663762382527
1370,SFNRIQISQHA,0.052305494464354375
1371,SFNRIQQSQHA,0.39124372138210917
1372,SFNRIQVSQHA,0.34115067826697004
1373,SFGRMQISQHA,-0.06058711655540621
1374,SFGRMQQSQHA,0.0230758520196104
1375,SFGRIQISQHA,-0.17636188510603404
1376,SFGRIQQSQHA,-0.01952881310203112
1377,SFNRIQLKQHA,0.09255859104232288
1378,SFNRIQLLQHA,-0.08099292748448617
1379,SFNRIQLCQHA,0.19473142239078067
1380,SFNRIQLTQHA,0.10358581427286073
1381,SFGRMQLKQHA,0.1117707275284028
1382,SFGRMQLRQHA,0.21394214829935326
1383,SFGRMQLLQHA,-0.061780790998406304
1384,SFGRMQLCQHA,0.2139435588768606
1385,SFGRMQLTQHA,0.12279795075894064
1386,SFGRIQLRQHA,-0.03866670510910048
1387,SFGRIQLLQHA,-0.31438964440686
1388,SFGRIQLCQHA,-0.038665294531593175
1389,SFGRIQLTQHA,-0.1298109026495131
1390,SFNRMQLSKHA,-0.18821690369489785
1391,SFNRMQLSRHA,-0.014638889355039719
1392,SFNRIQLSKHA,-0.21779400822342626
1393,SFGRMQLSKHA,-0.12609800779031233
1394,SFGRIQLSRHA,-0.05090411715203914
1395,SFNRIQLSQFA,-0.029294600218840842
1396,SFGRMQLSQFA,-0.010082463732760984
1397,SFGRMQLSQYA,-0.17236483861522048
1398,SFGRIQLSQFA,-0.2626913171412148
1399,SFGRIQLSQYA,-0.42497369202367435
1400,SFNRMQLSQHS,0.10729465028311584
1401,SFGRIQLSQHS,-0.15567917116778637
1402,SFNRARISQHA,0.47217457727964224
1403,SFNRARQSQHA,0.4555679184175075
1404,SFNRARVSQHA,0.3759686825968977
1405,SFGRARISQHA,0.31870512370785675
1406,SFGRARQSQHA,0.11999330993197016
1407,SFGRARVSQHA,0.2548960176704597
1408,SFNRARLKQHA,0.4148589185794806
1409,SFNRARLRQHA,0.517030339350431
1410,SFNRARLLQHA,0.24130740005267148
1411,SFNRARLCQHA,0.5170317499279383
1412,SFNRARLTQHA,0.4258861418100184
1413,SFGRARLKQHA,0.2566601276557096
1414,SFGRARLSRHA,0.3465941363837215
1415,SFNRARLSQYA,0.13072335243585728
1416,SFNRARLSQHS,0.40001787329174515
1417,SFGRARLSQHS,0.24181908236797423
1418,SFNRAQICQHA,0.21812997537285603
1419,SFNRAQQKQHA,0.3112418205178379
1420,SFNRAQQLQHA,0.1376903019910288
1421,SFNRAQQTQHA,0.3222690437483757
1422,SFNRAQVLQHA,0.32556098722204524
1423,SFNRAQVTQHA,0.5101397289793922
1424,SFGRAQIKQHA,-0.03751230954738724
1425,SFGRAQILQHA,-0.2110638280741963
1426,SFGRAQICQHA,0.06466052180107053
1427,SFGRAQITQHA,-0.026485086316849406
1428,SFGRAQQRQHA,0.07783863280325097
1429,SFGRAQQCQHA,0.07784004338075833
1430,SFGRAQVKQHA,0.3780398408224164
1431,SFGRAQVRQHA,0.4802112615933669
1432,SFGRAQVLQHA,0.20448832229560734
1433,SFGRAQVCQHA,0.4802126721708742
1434,SFGRAQVTQHA,0.38906706405295427
1435,SFNRAQISKHA,-0.07727821309535762
1436,SFNRAQISRHA,0.18757472397914085
1437,SFNRAQVSAHA,0.3596922922547194
1438,SFGRAQISKHA,-0.07503415466546363
1439,SFGRAQISAHA,-0.045780298413193525
1440,SFGRAQQSKHA,-0.1902568264421736
1441,SFGRAQVSRHA,0.32914976723516065
1442,SFNRAQISQYA,-0.2545600489500105
1443,SFNRAQQSQFA,0.3165480946559926
1444,SFNRAQQSQYA,0.2822789196414764
1445,SFNRAQVSQFA,0.48446141807171783
1446,SFGRAQISQFA,-0.09032212227292095
1447,SFGRAQQSQYA,-0.053295688844060995
1448,SFGRAQVSQFA,0.36338875314527996
1449,SFNRAQQSQHS,0.29640077523010244
1450,SFNRAQLKKHA,-0.023482042086504226
1451,SFNRAQLKRHA,-0.11346579507694833
1452,SFNRAQLKAHA,0.1573988120572764
1453,SFNRAQLRKHA,-0.14630721978742933
1454,SFGRAQLRAHA,0.171359943026597
1455,SFGRAQLLAHA,0.11267179790238514
1456,SFGRAQLCKHA,-0.08638646059745238
1457,SFGRAQLTKHA,-0.24394849286196377
1458,SFNRAQLKQFA,-0.0835812795404597
1459,SFNRAQLKQYA,0.19048169420576103
1460,SFNRAQLRQFA,0.372966355322288
1461,SFNRAQLLQFA,0.02107322680703848
1462,SFNRAQLCQFA,0.27567735866797655
1463,SFNRAQLTQFA,0.258882061716292
1464,SFGRAQLRQYA,0.11371258874298153
1465,SFGRAQLCQFA,0.11747856774420562
1466,SFNRAQLKQHS,0.02510578445064813
1467,SFNRAQLLQHS,-0.148445734076161
1468,SFNRAQLCQHS,0.1272786157991059
1469,SFNRAQLTQHS,0.036133007681185964
1470,SFGRAQLKQHS,-0.1330930064731228
1471,SFGRAQLCQHS,-0.03092017512466505
1472,SFGRAQLTQHS,-0.12206578324258498
1473,SFNRAQLSRFA,-0.07584482550711823
1474,SFGRAQLSKYA,0.10434974505748622
1475,SFGRAQLSAHS,-0.3367251596833401
1476,SFQTMRLSQHA,0.7854765992756918
1477,SFQTIRLSQHA,0.6112944264029879
1478,SFQQMRLSQHA,0.4833798847744106
1479,SFQQIRLSQHA,0.169743344065268
1480,SFQLMRLSQHA,0.31728156090389226
1481,SFQLIRLSQHA,0.5129044822191667
1482,SFQAIRLSQHA,0.27577303317837587
1483,SFQHMRLSQHA,0.22222750992547802
1484,SFQCIRLSQHA,0.10328910853545104
1485,SFQPIRLSQHA,0.11211435958887375
1486,SFQTIQVSQHA,0.5312235174471703
1487,SFQQMQVSQHA,0.2680730915018445
1488,SFQQIQISQHA,-0.09487955493957521
1489,SFQQIQVSQHA,0.08967243510945043
1490,SFQHMQVSQHA,0.006920716652911915
1491,SFQCIQQSQHA,0.08176330889138222
1492,SFQCIQVSQHA,0.023218199579633458
1493,SFQPMQISQHA,-0.03453806711937053
1494,SFQPMQVSQHA,0.15161212347073258
1495,SFQTIQLKQHA,-0.034401576169720706
1496,SFQQMQLCQHA,0.18454137528698072
1497,SFQQMQLTQHA,0.22506130174833414
1498,SFQLIQLRQHA,0.17988360515853083
1499,SFQLIQLLQHA,-0.16969325090528997
1500,SFQLIQLCQHA,0.2785220887153721
1501,SFQAMQLRQHA,-0.12823282907108646
1502,SFQAMQLLQHA,-0.4160251245650313
1503,SFQAIQLKQHA,0.08415542890057272
1504,SFQAIQLLQHA,-0.22346392937666196
1505,SFQAIQLCQHA,0.3286803756663172
1506,SFQAIQLTQHA,-0.03303551196229631
1507,SFQHMQLKQHA,-0.23934755086106219
1508,SFQHMQLRQHA,-0.003751364568075798
1509,SFQHMQLLQHA,-0.26658345084894397
1510,SFQHIQLKQHA,-0.1472405290343373
1511,SFQHIQLRQHA,0.08835565725864909
1512,SFQHIQLLQHA,-0.1744764290222191
1513,SFQHIQLTQHA,0.031449513261009227
1514,SFQCMQLKQHA,0.07097231119760851
1515,SFQCMQLCQHA,0.24463522892558576
1516,SFQCMQLTQHA,0.12594914003891192
1517,SFQCIQLLQHA,-0.3904305220545852
1518,SFQCIQLCQHA,0.03929383357228212
1519,SFQPMQLLQHA,-0.2525423490853372
1520,SFQPIQLCQHA,-0.19683136636382279
1521,SFQTIQLSKHA,-0.13164645266002875
1522,SFQAIQLSKHA,-0.4671678458846408
1523,SFQHMQLSRHA,-0.048308931998298596
1524,SFQHMQLSAHA,-0.28765488672406836
1525,SFQPMQLSRHA,0.09638247481952207
1526,SFQTIQLSQYA,-0.08967886816402926
1527,SFQQIQLSQFA,-0.2070096800811894
1528,SFQHMQLSQFA,-0.3732205688022866
1529,SFQPMQLSQYA,-0.2318381684298071
1530,SFQLIQLSQHS,0.4107548984496287
1531,SFQAMQLSQHS,0.22053376175618772
1532,SFQTARISQHA,0.5325870484034931
1533,SFQQARISQHA,0.09112299752669474
1534,SFQQARQSQHA,-0.021324788892420267
1535,SFQQARVSQHA,-0.10937609090963983
1536,SFQLARISQHA,0.3676106312391918
1537,SFQLARQSQHA,0.2551628448200768
1538,SFQLARVSQHA,0.16711154280285723
1539,SFQHARISQHA,0.09018151348425335
1540,SFQHARVSQHA,-0.11031757495208115
1541,SFQCARISQHA,0.09052634565209729
1542,SFQPARISQHA,0.1926316241361665
1543,SFQPARQSQHA,0.08018383771705156
1544,SFQTARLKQHA,0.053945189557497726
1545,SFQTARLRQHA,0.23145672456598143
1546,SFQTARLLQHA,0.06530576424193202
1547,SFQTARLCQHA,0.2750038923031676
1548,SFQTARLTQHA,0.020604809294299288
1549,SFQQARLRQHA,-0.046802160424369105
1550,SFQQARLCQHA,-0.04066136823402199
1551,SFQLARLKQHA,0.06670023696895865
1552,SFQLARLCQHA,0.3002823814621103
1553,SFQLARLTQHA,0.28759135147004894
1554,SFQAARLRQHA,0.011531211231516474
1555,SFQAARLLQHA,-0.2762610842624284
1556,SFQAARLCQHA,0.2758832207805508
1557,SFQHARLKQHA,-0.20433940357557373
1558,SFQHARLRQHA,0.03125678271741264
1559,SFQHARLLQHA,-0.23157530356345557
1560,SFQHARLCQHA,0.04567141575141736
1561,SFQHARLTQHA,-0.025649361280227222
1562,SFQCARLKQHA,0.019922296687664213
1563,SFQCARLRQHA,0.06117545550749681
1564,SFQCARLCQHA,0.19358521441564147
1565,SFQCARLTQHA,0.07489912552896763
1566,SFQPARLKQHA,-0.013529267846185265
1567,SFQPARLRQHA,0.1495555000016803
1568,SFQPARLLQHA,-0.2597754979657563
1569,SFQPARLCQHA,0.050740041910183116
1570,SFQPARLTQHA,0.14241600724229483
1571,SFQTARLSKHA,-0.04329968693281035
1572,SFQHARLSKHA,-0.4857052218520501
1573,SFQTAQIRQHA,0.08309723642512132
1574,SFQTAQQCQHA,0.2260879530987669
1575,SFQTAQQTQHA,-0.02831112991010141
1576,SFQTAQVKQHA,0.1844478693875038
1577,SFQTAQVRQHA,0.36195940439598745
1578,SFQQAQIRQHA,-0.19516164856522913
1579,SFQQAQILQHA,-0.4629467294196562
1580,SFQQAQICQHA,-0.18902085637488206
1581,SFQQAQQRQHA,-0.09571809962876979
1582,SFQQAQQLQHA,-0.3635031804831969
1583,SFQQAQQTQHA,-0.049057380977069284
1584,SFQQAQVKQHA,0.011975664222071424
1585,SFQQAQVRQHA,0.08370051940563696
1586,SFQQAQVLQHA,-0.18408456144879012
1587,SFQQAQVCQHA,0.08984131159598403
1588,SFQQAQVTQHA,0.1303612380573375
1589,SFQLAQIRQHA,0.05328440976440896
1590,SFQLAQILQHA,-0.29629244629941187
1591,SFQLAQICQHA,0.1519228933212502
1592,SFQLAQITQHA,0.13923186332918894
1593,SFQLAQQKQHA,0.017784297764557953
1594,SFQLAQQRQHA,0.15272795870086833
1595,SFQLAQQLQHA,-0.1968488973629525
1596,SFQLAQQCQHA,0.2513664422577096
1597,SFQLAQVKQHA,0.19720291679896465
1598,SFQLAQVRQHA,0.3321465777352751
1599,SFQLAQVLQHA,-0.017430278328545733
1600,SFQLAQVCQHA,0.4307850612921164
1601,SFQLAQVTQHA,0.418094031300055
1602,SFQAAQIKQHA,-0.11700121412605374
1603,SFQAAQIRQHA,-0.1368282769093436
1604,SFQAAQILQHA,-0.4246205724032884
1605,SFQAAQICQHA,0.12752373263969072
1606,SFQAAQITQHA,-0.23419215498892276
1607,SFQAAQQKQHA,-0.01755766518959436
1608,SFQAAQQRQHA,-0.03738472797288424
1609,SFQAAQQLQHA,-0.32517702346682903
1610,SFQAAQQCQHA,0.2269672815761501
1611,SFQAAQQTQHA,-0.1347486060524634
1612,SFQAAQVKQHA,0.1618609538448124
1613,SFQHAQITQHA,-0.1740088494210873
1614,SFQHAQQTQHA,-0.07456530048462791
1615,SFQHAQVKQHA,-0.07383672374556768
1616,SFQHAQVRQHA,0.16175946254741874
1617,SFQHAQVTQHA,0.10485331854977882
1618,SFQCAQIRQHA,-0.08718403263336325
1619,SFQCAQILQHA,-0.38449862935208584
1620,SFQCAQICQHA,0.0452257262747814
1621,SFQCAQQKQHA,-0.028993642516736497
1622,SFQCAQQRQHA,0.012259516303096095
1623,SFQCAQQLQHA,-0.28505508041562655
1624,SFQCAQQCQHA,0.14466927521124076
1625,SFQCAQVCQHA,0.3240878942456476
1626,SFQPAQICQHA,-0.09761944623067696
1627,SFQPAQITQHA,-0.005943480898565193
1628,SFQPAQQKQHA,-0.062445207050586
1629,SFQPAQVTQHA,0.27291868707230094
1630,SFQTAQISKHA,-0.15714970118624805
1631,SFQTAQISRHA,0.2692664957039071
1632,SFQTAQISAHA,-0.020215866737605
1633,SFQTAQVSKHA,0.22686451780071873
1634,SFQTAQVSRHA,0.39962144450964066
1635,SFQTAQVSAHA,0.361127146315812
1636,SFQQAQISRHA,-0.17219755517289134
1637,SFQQAQISAHA,-0.46167991761440347
1638,SFQQAQQSKHA,-0.6741583772050898
1639,SFQQAQQSRHA,-0.25809563386746504
1640,SFQQAQVSKHA,-0.21459953307607968
1641,SFQQAQVSRHA,-0.04184260636715779
1642,SFQQAQVSAHA,-0.08033690456098648
1643,SFQLAQISKHA,-0.3221261183505495
1644,SFQLAQISRHA,0.10429007853960566
1645,SFQLAQISAHA,-0.1851922839019064
1646,SFQLAQQSKHA,-0.39767074349259274
1647,SFQLAQQSRHA,0.018391999845032012
1648,SFQLAQQSAHA,-0.12099903732619058
1649,SFQLAQVSKHA,0.061888100636417344
1650,SFQLAQVSRHA,0.2346450273453393
1651,SFQLAQVSAHA,0.19615072915151055
1652,SFQAAQISKHA,-0.6338150150238449
1653,SFQAAQISAHA,-0.4968811805752018
1654,SFQAAQQSKHA,-0.7093596401658882
1655,SFQAAQQSRHA,-0.2932968968282634
1656,SFQAAQQSAHA,-0.432687933999486
1657,SFQAAQVSKHA,-0.2498007960368781
1658,SFQAAQVSRHA,-0.07704386932795614
1659,SFQAAQVSAHA,-0.11553816752178485
1660,SFQHAQISKHA,-0.5995552361054878
1661,SFQHAQISRHA,-0.17313903921533272
1662,SFQHAQISAHA,-0.46262140165684484
1663,SFQHAQQSKHA,-0.6750998612475311
1664,SFQHAQQSRHA,-0.25903711790990636
1665,SFQCAQISAHA,-0.4622765694890009
1666,SFQCAQQSKHA,-0.6747550290796872
1667,SFQCAQQSAHA,-0.398083322913285
1668,SFQCAQVSKHA,-0.21519618495067713
1669,SFQCAQVSRHA,-0.04243925824175516
1670,SFQCAQVSAHA,-0.08093355643558388
1671,SFQPAQISKHA,-0.49710512545357466
1672,SFQPAQISRHA,-0.07068892856341956
1673,SFQPAQISAHA,-0.36017129100493156
1674,SFQPAQQSKHA,-0.572649750595618
1675,SFQPAQQSRHA,-0.15658700725799324
1676,SFQPAQQSAHA,-0.2959780444292158
1677,SFQPAQVSKHA,-0.11309090646660787
1678,SFQPAQVSRHA,0.059666020242314065
1679,SFQPAQVSAHA,0.021171722048485355
1680,SFQTAQISQFA,-0.046283611921016155
1681,SFQTAQISQYA,-0.23607321740845635
1682,SFQTAQQSQFA,0.11127602387913163
1683,SFQTAQVSQFA,0.2707372810982473
1684,SFQTAQVSQYA,0.3663545798584108
1685,SFQQAQISQFA,-0.19789199249827963
1686,SFQQAQISQYA,-0.6353047683947255
1687,SFQQAQQSQYA,-0.194306927360219
1688,SFQQAQVSQFA,0.11912890052098378
1689,SFQLAQISQFA,-0.1030545308812333
1690,SFQLAQISQYA,-0.4440602869931167
1691,SFQLAQQSQFA,0.05450510491891449
1692,SFQLAQQSQYA,-0.0030624459586100997
1693,SFQLAQVSQFA,0.21396636213803008
1694,SFQLAQVSQYA,0.15836751027375034
1695,SFQAAQISQFA,-0.14637543636405723
1696,SFQAAQISQYA,-0.4317218625157384
1697,SFQAAQQSQFA,0.011184199436090574
1698,SFQAAQQSQYA,0.009275978518768208
1699,SFQAAQVSQFA,0.17064545665520614
1700,SFQAAQVSQYA,0.1707059347511287
1701,SFQHAQISQFA,-0.4175285311220281
1702,SFQHAQISQYA,-0.7353398799943617
1703,SFQHAQQSQYA,-0.2943420389598552
1704,SFQHAQVSQFA,-0.10050763810276477
1705,SFQHAQVSQYA,-0.13291208272749463
1706,SFQCAQISQFA,-0.204609408168543
1707,SFQCAQISQYA,-0.470693482190938
1708,SFQCAQQSQYA,-0.029695641156431366
1709,SFQCAQVSQFA,0.11241148485072038
1710,SFQCAQVSQYA,0.13173431507592911
1711,SFQPAQISQFA,-0.22050403714954286
1712,SFQPAQISQYA,-0.47381243228187164
1713,SFQPAQQSQFA,-0.06294440134939516
1714,SFQPAQQSQYA,-0.03281459124736505
1715,SFQPAQVSQFA,0.09651685586972049
1716,SFQPAQVSQYA,0.12861536498499546
1717,SFQTAQISQHS,0.2179345610354121
1718,SFQTAQQSQHS,0.3173781099718715
1719,SFQTAQVSQHS,0.49679672900627825
1720,SFQQAQISQHS,-0.08965186265107251
1721,SFQQAQQSQHS,0.009791686285386847
1722,SFQQAQVSQHS,0.18921030531979363
1723,SFQLAQISQHS,0.2841557030555068
1724,SFQLAQVSQHS,0.563017871026373
1725,SFQAAQISQHS,0.21193831391793064
1726,SFQHAQISQHS,0.21616710543996048
1727,SFQHAQQSQHS,0.3156106543764199
1728,SFQHAQVSQHS,0.49502927341082664
1729,SFQCAQISQHS,0.006571425100684133
1730,SFQCAQQSQHS,0.10601497403714352
1731,SFQCAQVSQHS,0.28543359307155036
1732,SFQPAQISQHS,0.08941909170982208
1733,SFQPAQQSQHS,0.18886264064628147
1734,SFQPAQVSQHS,0.3682812596806882
1735,SFQTAQLKKHA,-0.44207196206465743
1736,SFQTAQLKRHA,-0.2332292922557196
1737,SFQTAQLKAHA,-0.3218720508122249
1738,SFQTAQLRKHA,-0.48955702552804925
1739,SFQTAQLRRHA,-0.011220881657503533
1740,SFQTAQLRAHA,0.0255700325145255
1741,SFQTAQLLKHA,-0.18454106878442064
1742,SFQTAQLLRHA,0.1804177456285354
1743,SFQTAQLCKHA,-0.30037558220165655
1744,SFQTAQLCRHA,-0.19465499575013412
1745,SFQTAQLCAHA,-0.16107349224604678
1746,SFQTAQLTKHA,-0.6211910893571164
1747,SFQTAQLTRHA,-0.23112039217103664
1748,SFQTAQLTAHA,-0.3195528717534803
1749,SFQQAQLKKHA,-0.6145441672300898
1750,SFQQAQLKRHA,-0.4057014974211521
1751,SFQQAQLKAHA,-0.4943442559776573
1752,SFQQAQLRKHA,-0.7678159105183998
1753,SFQQAQLRRHA,-0.2894797666478541
1754,SFQQAQLRAHA,-0.252688852475825
1755,SFQQAQLLRHA,-0.1994752598921928
1756,SFQQAQLLAHA,-0.30343913915670434
1757,SFQQAQLCKHA,-0.6160408427388462
1758,SFQQAQLCRHA,-0.5103202562873238
1759,SFQQAQLTRHA,-0.25186664323800445
1760,SFQQAQLTAHA,-0.3402991228204483
1761,SFQLAQLKKHA,-0.42931691465319655
1762,SFQLAQLKRHA,-0.22047424484425868
1763,SFQLAQLKAHA,-0.309117003400764
1764,SFQLAQLRKHA,-0.5193698521887616
1765,SFQLAQLRRHA,-0.04103370831821594
1766,SFQLAQLRAHA,-0.004242794146186905
1767,SFQLAQLLKHA,-0.3977797911849045
1768,SFQLAQLLRHA,-0.032820976771948424
1769,SFQLAQLLAHA,-0.13678485603645998
1770,SFQLAQLCKHA,-0.2750970930427139
1771,SFQLAQLCRHA,-0.16937650659119144
1772,SFQLAQLCAHA,-0.13579500308710407
1773,SFQLAQLTRHA,0.035866150004713056
1774,SFQLAQLTAHA,-0.05256632957773066
1775,SFQAAQLKKHA,-0.4646588776073488
1776,SFQAAQLKRHA,-0.25581620779841097
1777,SFQAAQLKAHA,-0.3444589663549163
1778,SFQAAQLRRHA,-0.23114639499196848
1779,SFQAAQLRAHA,-0.19435548081993945
1780,SFQAAQLLKHA,-0.526107917288781
1781,SFQAAQLLRHA,-0.16114910287582498
1782,SFQAAQLLAHA,-0.2651129821403366
1783,SFQAAQLCKHA,-0.2994962537242734
1784,SFQAAQLCRHA,-0.19377566727275095
1785,SFQAAQLCAHA,-0.16019416376866358
1786,SFQAAQLTKHA,-0.7276285654994783
1787,SFQAAQLTRHA,-0.3375578683133986
1788,SFQAAQLTAHA,-0.4259903478958423
1789,SFQHAQLKKHA,-0.7003565551977289
1790,SFQHAQLKRHA,-0.4915138853887912
1791,SFQHAQLKAHA,-0.5801566439452964
1792,SFQHAQLRKHA,-0.6897569673766181
1793,SFQHAQLRRHA,-0.21142082350607233
1794,SFQHAQLRAHA,-0.17462990933404327
1795,SFQHAQLLKHA,-0.48142213658980815
1796,SFQHAQLLRHA,-0.1164633221768522
1797,SFQHAQLLAHA,-0.22042720144136377
1798,SFQHAQLCRHA,-0.4239874723018844
1799,SFQHAQLTRHA,-0.2773745627455631
1800,SFQHAQLTAHA,-0.36580704232800687
1801,SFQCAQLKRHA,-0.2672521851255532
1802,SFQCAQLKAHA,-0.3558949436820585
1803,SFQCAQLRKHA,-0.6598382945865339
1804,SFQCAQLRRHA,-0.18150215071598821
1805,SFQCAQLRAHA,-0.14471123654395912
1806,SFQCAQLLRHA,-0.12102715982462246
1807,SFQCAQLLAHA,-0.22499103908913404
1808,SFQCAQLCKHA,-0.3817942600891827
1809,SFQCAQLCRHA,-0.2760736736376603
1810,SFQCAQLCAHA,-0.2424921701335729
1811,SFQCAQLTRHA,-0.17682607593636826
1812,SFQCAQLTAHA,-0.265258555518812
1813,SFQPAQLKKHA,-0.5095464194683405
1814,SFQPAQLKRHA,-0.30070374965940255
1815,SFQPAQLKAHA,-0.389346508215908
1816,SFQPAQLRKHA,-0.5714582500923503
1817,SFQPAQLRRHA,-0.09312210622180467
1818,SFQPAQLRAHA,-0.05633119204977559
1819,SFQPAQLLKHA,-0.509622330992109
1820,SFQPAQLLRHA,-0.14466351657915288
1821,SFQPAQLLAHA,-0.24862739584366447
1822,SFQPAQLCKHA,-0.5246394325946411
1823,SFQPAQLCRHA,-0.41891884614311875
1824,SFQPAQLCAHA,-0.38533734263903124
1825,SFQPAQLTKHA,-0.49937989140912076
1826,SFQPAQLTRHA,-0.10930919422304107
1827,SFQPAQLTAHA,-0.19774167380548474
1828,SFQTAQLKQFA,-0.2513067882706975
1829,SFQTAQLRQFA,0.0590771460490666
1830,SFQTAQLRQYA,0.04000254465338198
1831,SFQTAQLLQFA,-0.30171363536714607
1832,SFQTAQLLQYA,-0.23170153685701622
1833,SFQTAQLCQFA,-0.16380962494784967
1834,SFQTAQLCQYA,-0.22125456109884584
1835,SFQTAQLTQFA,-0.14317533393340026
1836,SFQTAQLTQYA,-0.4908438579488965
1837,SFQQAQLKQFA,-0.3061432111774508
1838,SFQQAQLKQYA,-0.28250344758590645
1839,SFQQAQLRQFA,-0.22187890046972666
1840,SFQQAQLLQYA,-0.44477990271487733
1841,SFQQAQLCQFA,-0.4511364376934788
1842,SFQQAQLCQYA,-0.3698731340520951
1843,SFQQAQLTQFA,-0.38995435144106183
1844,SFQQAQLTQYA,-0.6283022986722644
1845,SFQLAQLKQYA,-0.22104291802616738
1846,SFQLAQLRQYA,0.03644672296128235
1847,SFQLAQLLQFA,-0.40522131643351095
1848,SFQLAQLLQYA,-0.30038917541873206
1849,SFQLAQLCQYA,-0.1790014515720651
1850,SFQLAQLTQFA,-0.3095676098780453
1851,SFQLAQLTQYA,-0.5582435928308711
1852,SFQAAQLKQFA,-0.49267436126950825
1853,SFQAAQLKQYA,-0.33464064750646627
1854,SFQAAQLRQFA,-0.09731544891970963
1855,SFQAAQLRQYA,-0.30606251615073526
1856,SFQAAQLLQFA,-0.4714909982331898
1857,SFQAAQLLQYA,-0.37504027979152316
1858,SFQAAQLCQFA,-0.3998447783839716
1859,SFQAAQLCQYA,-0.2930500208820143
1860,SFQAAQLTQFA,-0.42199500653639066
1861,SFQAAQLTQYA,-0.3999895545897634
1862,SFQHAQLKQFA,-0.42621333975849857
1863,SFQHAQLLQFA,-0.6571144792076364
1864,SFQHAQLLQYA,-0.40399445587196026
1865,SFQHAQLCQFA,-0.31806939261597567
1866,SFQHAQLCQYA,-0.2888193951769042
1867,SFQHAQLTQYA,-0.6319524301945035
1868,SFQCAQLKQFA,-0.3056156517231974
1869,SFQCAQLKQYA,-0.1255431760734012
1870,SFQCAQLRQFA,0.07053778279119242
1871,SFQCAQLLQFA,-0.38152562548622215
1872,SFQCAQLLQYA,-0.18734387954782789
1873,SFQCAQLCQFA,-0.36155280796504513
1874,SFQCAQLCQYA,-0.3023970024275014
1875,SFQCAQLTQFA,-0.38383028453369333
1876,SFQCAQLTQYA,-0.591371331357685
1877,SFQPAQLKQFA,-0.5279989565710005
1878,SFQPAQLKQYA,-0.2665912384245821
1879,SFQPAQLRQFA,-0.15968148937188328
1880,SFQPAQLRQYA,-0.14205289508964855
1881,SFQPAQLLQFA,-0.48214102888852933
1882,SFQPAQLLQYA,-0.27692072296573306
1883,SFQPAQLCQFA,-0.4967074136016013
1884,SFQPAQLCQYA,-0.35784532032642286
1885,SFQPAQLTQFA,-0.18494774497630653
1886,SFQPAQLTQYA,-0.5905024385019112
1887,SFQTAQLKQHS,-0.2794019533964364
1888,SFQTAQLRQHS,-0.10189041838795272
1889,SFQTAQLLQHS,-0.26804137871200207
1890,SFQTAQLCQHS,-0.05834325065076656
1891,SFQTAQLTQHS,-0.3127423336596348
1892,SFQQAQLKQHS,-0.3179965313715549
1893,SFQQAQLRQHS,-0.24627167618798937
1894,SFQQAQLLQHS,-0.5140567570424165
1895,SFQQAQLCQHS,-0.24013088399764226
1896,SFQQAQLTQHS,-0.19961095753628888
1897,SFQLAQLKQHS,-0.035449346800579346
1898,SFQLAQLRQHS,0.09949431413573101
1899,SFQLAQLLQHS,-0.2500825419280898
1900,SFQLAQLCQHS,0.19813279769257228
1901,SFQAAQLKQHS,0.16868019778098756
1902,SFQAAQLRQHS,0.14885313499769764
1903,SFQAAQLLQHS,-0.13893916049624713
1904,SFQAAQLCQHS,0.413205144546732
1905,SFQAAQLTQHS,0.05148925691811854
1906,SFQHAQLKQHS,-0.0970484672057197
1907,SFQHAQLRQHS,0.1385477190872667
1908,SFQHAQLLQHS,-0.12428436719360146
1909,SFQHAQLTQHS,0.08164157508962687
1910,SFQCAQLKQHS,-0.08272727944960198
1911,SFQCAQLRQHS,-0.04147412062976938
1912,SFQCAQLLQHS,-0.33878871734849203
1913,SFQCAQLCQHS,0.09093563827837527
1914,SFQCAQLTQHS,-0.027750450608298574
1915,SFQPAQLKQHS,-0.13543645585838274
1916,SFQPAQLRQHS,0.02764831198948283
1917,SFQPAQLLQHS,-0.38168268597795374
1918,SFQPAQLCQHS,-0.07116714610201437
1919,SFQPAQLTQHS,0.020508819230097366
1920,SFQTAQLSKFA,-0.13509837893484375
1921,SFQTAQLSKYA,0.0003330262053846274
1922,SFQTAQLSRFA,-0.09466782329800974
1923,SFQTAQLSAFA,-0.24339187154139205
1924,SFQTAQLSAYA,0.07176971148572088
1925,SFQQAQLSKFA,-0.28670675951210717
1926,SFQQAQLSKYA,-0.3988985247808845
1927,SFQQAQLSRFA,-0.2462762038752733
1928,SFQQAQLSAFA,-0.39500025211865564
1929,SFQQAQLSAYA,-0.3274618395005484
1930,SFQLAQLSKFA,-0.19186929789506088
1931,SFQLAQLSKYA,-0.2076540433792758
1932,SFQLAQLSRFA,-0.15143874225822687
1933,SFQLAQLSRYA,-0.23402161757209675
1934,SFQLAQLSAFA,-0.30016279050160927
1935,SFQLAQLSAYA,-0.13621735809893953
1936,SFQAAQLSKFA,-0.2351902033778848
1937,SFQAAQLSKYA,-0.19531561890189744
1938,SFQAAQLSRFA,-0.1947596477410509
1939,SFQAAQLSRYA,-0.22168319309471848
1940,SFQAAQLSAYA,-0.12387893362156119
1941,SFQHAQLSKFA,-0.5063432981358559
1942,SFQHAQLSKYA,-0.4989336363805208
1943,SFQHAQLSRYA,-0.5253012105733418
1944,SFQHAQLSAFA,-0.6146367907424042
1945,SFQCAQLSKFA,-0.2934241751823707
1946,SFQCAQLSRFA,-0.2529936195455367
1947,SFQCAQLSRYA,-0.26065481276991803
1948,SFQCAQLSAFA,-0.401717667788919
1949,SFQPAQLSKFA,-0.30931880416337054
1950,SFQPAQLSKYA,-0.23740618866803065
1951,SFQTAQLSKHS,0.028924539127014336
1952,SFQTAQLSRHS,0.010055348238919215
1953,SFQTAQLSAHS,-0.23066527952643498
1954,SFQQAQLSKHS,-0.27866188455947033
1955,SFQQAQLSRHS,-0.2975310754475654
1956,SFQLAQLSKHS,0.09514568114710899
1957,SFQLAQLSRHS,0.07627649025901388
1958,SFQLAQLSAHS,-0.1644441375063403
1959,SFQAAQLSKHS,0.022928292009532794
1960,SFQAAQLSRHS,0.004059101121437695
1961,SFQAAQLSAHS,-0.23666152664391646
1962,SFQHAQLSKHS,0.027157083531562674
1963,SFQHAQLSRHS,0.008287892643467569
1964,SFQHAQLSAHS,-0.23243273512188659
1965,SFQCAQLSKHS,-0.18243859680771368
1966,SFQCAQLSRHS,-0.20130778769580882
1967,SFQCAQLSAHS,-0.44202841546116295
1968,SFQPAQLSKHS,-0.09959093019857578
1969,SFQPAQLSRHS,-0.11846012108667082
1970,SFQPAQLSAHS,-0.35918074885202506
1971,SFQTAQLSQFS,-0.3929506891557585
1972,SFQTAQLSQYS,-0.5036318667194354
1973,SFQQAQLSQFS,-0.41068144254270805
1974,SFQQAQLSQYS,-0.7689857905153907
1975,SFQLAQLSQFS,-0.2185240489315795
1976,SFQLAQLSQYS,-0.4804213771196996
1977,SFQAAQLSQYS,-0.22861144510660203
1978,SFQHAQLSQFS,-0.3235575290329823
1979,SFQHAQLSQYS,-0.5622604499815526
1980,SFQCAQLSQFS,-0.3205789185866175
1981,SFQCAQLSQYS,-0.5075545646852491
1982,SFQPAQLSQFS,-0.3557311594425486
1983,SFQPAQLSQYS,-0.529931126651114
1984,SFQRMRISQHA,0.31380491235357333
1985,SFQRMRQSQHA,0.27184057292978725
1986,SFQRMRVSQHA,0.020593846536475804
1987,SFQRIRISQHA,0.30397882468935467
1988,SFQRIRQSQHA,0.33518458869455475
1989,SFQRIRVSQHA,0.009169558331179621
1990,SFQRMRLKQHA,0.3590444629609986
1991,SFQRMRLRQHA,0.4612158837319491
1992,SFQRMRLLQHA,0.1854929444341895
1993,SFQRMRLCQHA,0.46121729430945635
1994,SFQRMRLTQHA,0.3700716861915364
1995,SFQRIRLKQHA,0.21238429043895393
1996,SFQRIRLRQHA,0.3145557112099044
1997,SFQRIRLLQHA,0.03883277191214487
1998,SFQRIRLCQHA,0.3145571217874117
1999,SFQRMRLSKHA,-0.008984327260920992
2000,SFQRMRLSRHA,0.463420109878319
2001,SFQRMRLSAHA,0.2240741551525492
2002,SFQRIRLSKHA,-0.15564449978296566
2003,SFQRIRLSRHA,0.3167599373562744
2004,SFQRIRLSAHA,0.07741398263050456
2005,SFQRMRLSQFA,0.2371912716998348
2006,SFQRIRLSQYA,-0.07175127570466944
2007,SFQRMRLSQHS,0.3442034176732632
2008,SFQRMQILQHA,-0.2159640394284798
2009,SFQRMQICQHA,0.0597603104467871
2010,SFQRMQITQHA,-0.03138529767113286
2011,SFQRMQQKQHA,0.12751447503011756
2012,SFQRMQQRQHA,0.22968589580106802
2013,SFQRMQQLQHA,-0.04603704349669151
2014,SFQRMQQCQHA,0.22968730637857535
2015,SFQRMQQTQHA,0.13854169826065543
2016,SFQRMQVKQHA,0.14373766968843246
2017,SFQRMQVRQHA,0.24590909045938292
2018,SFQRMQVLQHA,-0.029813848838376567
2019,SFQRMQVCQHA,0.24591050103689024
2020,SFQRMQVTQHA,0.15476489291897033
2021,SFQRIQIKQHA,-0.05223860856588946
2022,SFQRIQIRQHA,0.04993281220506101
2023,SFQRIQILQHA,-0.22579012709269855
2024,SFQRIQICQHA,0.04993422278256838
2025,SFQRIQITQHA,-0.04121138533535158
2026,SFQRIQQKQHA,0.19085849079488507
2027,SFQRIQQRQHA,0.2930299115658355
2028,SFQRIQQLQHA,0.017306972268076013
2029,SFQRIQQCQHA,0.2930313221433428
2030,SFQRIQQTQHA,0.2018857140254229
2031,SFQRIQVLQHA,-0.04123813704367276
2032,SFQRIQVCQHA,0.23448621283159407
2033,SFQRMQISRHA,0.05048435965398725
2034,SFQRMQISAHA,-0.2389980027875248
2035,SFQRMQQSKHA,-0.38099301538288227
2036,SFQRMQQSRHA,0.03506972795474246
2037,SFQRMQQSAHA,-0.10432130921648013
2038,SFQRMQVSKHA,-0.08462959562996408
2039,SFQRMQVSRHA,0.08812733107895783
2040,SFQRMQVSAHA,0.04963303288512912
2041,SFQRIQISKHA,-0.38575792490038663
2042,SFQRIQISRHA,0.040658271989768485
2043,SFQRIQISAHA,-0.24882409045174356
2044,SFQRIQQSKHA,-0.3176489996181147
2045,SFQRIQQSRHA,0.09841374371950996
2046,SFQRIQQSAHA,-0.04097729345171263
2047,SFQRIQVSKHA,-0.09605388383526024
2048,SFQRIQVSRHA,0.07670304287366166
2049,SFQRIQVSAHA,0.03820874467983297
2050,SFQRMQISQFA,-0.09522233362720436
2051,SFQRMQISQYA,-0.41292971387607946
2052,SFQRMQQSQFA,0.13282074916827233
2053,SFQRMQQSQYA,0.09855157415375607
2054,SFQRMQVSQFA,0.12908658201129605
2055,SFQRMQVSQYA,0.09678610601002463
2056,SFQRIQISQFA,-0.10504842129142312
2057,SFQRIQISQYA,-0.4227558015402982
2058,SFQRIQQSQFA,0.19616476493303978
2059,SFQRIQQSQYA,0.1618955899185236
2060,SFQRIQVSQFA,0.11766229380599989
2061,SFQRIQVSQYA,0.08536181780472846
2062,SFQRMQISQHS,-0.057253566189406066
2063,SFQRMQQSQHS,0.11267342974238216
2064,SFQRMQVSQHS,0.12889662440069705
2065,SFQRIQISQHS,-0.06707965385362485
2066,SFQRIQQSQHS,0.17601744550714968
2067,SFQRIQVSQHS,0.11747233619540087
2068,SFQRMQLKKHA,-0.13697268866115664
2069,SFQRMQLKRHA,0.07186998114778112
2070,SFQRMQLKAHA,-0.016772777408724085
2071,SFQRMQLRKHA,-0.2597978663620817
2072,SFQRMQLRRHA,0.21853827750846405
2073,SFQRMQLRAHA,0.2553291916804931
2074,SFQRMQLLRHA,0.3006049258207929
2075,SFQRMQLLAHA,0.19664104655628128
2076,SFQRMQLCKHA,-0.11416218019536784
2077,SFQRMQLCRHA,-0.00844159374384542
2078,SFQRMQLTKHA,-0.27172421245987927
2079,SFQRMQLTRHA,0.11834648472620049
2080,SFQRMQLTAHA,0.029914005143756774
2081,SFQRIQLKKHA,-0.2836328611832013
2082,SFQRIQLKRHA,-0.07479019137426347
2083,SFQRIQLKAHA,-0.16343294993076876
2084,SFQRIQLRKHA,-0.4064580388841263
2085,SFQRIQLRRHA,0.07187810498641939
2086,SFQRIQLRAHA,0.10866901915844845
2087,SFQRIQLLKHA,-0.21101406111420778
2088,SFQRIQLLAHA,0.049980874034236636
2089,SFQRIQLCKHA,-0.26082235271741244
2090,SFQRIQLCRHA,-0.15510176626589003
2091,SFQRIQLCAHA,-0.12152026276180267
2092,SFQRIQLTKHA,-0.418384384981924
2093,SFQRIQLTRHA,-0.028313687795844124
2094,SFQRIQLTAHA,-0.1167461673782879
2095,SFQRMQLKQFA,-0.13939573515894169
2096,SFQRMQLKQYA,0.13466723858727894
2097,SFQRMQLRQFA,0.31715189970380603
2098,SFQRMQLRQYA,0.21609692404827052
2099,SFQRMQLLQFA,-0.0347412288114435
2100,SFQRMQLLQYA,-0.021399791038894292
2101,SFQRMQLCQYA,0.08948176480171478
2102,SFQRMQLTQFA,0.20306760609781013
2103,SFQRMQLTQYA,-0.2719524652381065
2104,SFQRIQLKQFA,-0.2860559076809863
2105,SFQRIQLKQYA,-0.011992933934765788
2106,SFQRIQLRQFA,0.1704917271817613
2107,SFQRIQLRQYA,0.0694367515262258
2108,SFQRIQLLQFA,-0.18140140133348817
2109,SFQRIQLLQYA,-0.16805996356093905
2110,SFQRIQLCQFA,0.0732027305274499
2111,SFQRIQLCQYA,-0.057178407720329893
2112,SFQRIQLTQFA,0.05640743357576539
2113,SFQRIQLTQYA,-0.4186126377601514
2114,SFQRMQLKQHS,-0.030708671167833854
2115,SFQRMQLRQHS,0.07146274960311662
2116,SFQRMQLLQHS,-0.20426018969464294
2117,SFQRMQLCQHS,0.07146416018062395
2118,SFQRMQLTQHS,-0.019681447937296023
2119,SFQRIQLKQHS,-0.17736884368987862
2120,SFQRIQLRQHS,-0.07519742291892814
2121,SFQRIQLLQHS,-0.3509203622166877
2122,SFQRIQLCQHS,-0.07519601234142081
2123,SFQRIQLTQHS,-0.16634162045934076
2124,SFQRMQLSKFA,0.06906039508077724
2125,SFQRMQLSKYA,0.07657402545957073
2126,SFQRMQLSRFA,0.10949095071761121
2127,SFQRMQLSRYA,0.050206451266749726
2128,SFQRMQLSAFA,-0.03923309752577115
2129,SFQRMQLSAYA,0.148010710739907
2130,SFQRIQLSKFA,-0.07759977744126746
2131,SFQRIQLSKYA,-0.07008614706247394
2132,SFQRIQLSRFA,-0.037169221804433494
2133,SFQRIQLSRYA,-0.09645372125529494
2134,SFQRIQLSAFA,-0.18589327004781583
2135,SFQRIQLSAYA,0.0013505382178622607
2136,SFQRMQLSKHS,0.006833907624005315
2137,SFQRMQLSRHS,-0.012035283264089801
2138,SFQRMQLSAHS,-0.252755911029444
2139,SFQRIQLSKHS,-0.13982626489803945
2140,SFQRIQLSRHS,-0.15869545578613453
2141,SFQRIQLSAHS,-0.3994160835514888
2142,SFQRMQLSQFS,-0.24519790631503582
2143,SFQRMQLSQYS,-0.4837968586401475
2144,SFQRIQLSQFS,-0.39185807883708057
2145,SFQRIQLSQYS,-0.6304570311621923
2146,SFQRARIKQHA,0.22889049236532857
2147,SFQRARIRQHA,0.33106191313627903
2148,SFQRARILQHA,0.05533897383851954
2149,SFQRARICQHA,0.3310633237137864
2150,SFQRARITQHA,0.23991771559586644
2151,SFQRARQKQHA,0.11644270594621359
2152,SFQRARQRQHA,0.21861412671716404
2153,SFQRARQLQHA,-0.057108812580595504
2154,SFQRARQCQHA,0.2186155372946714
2155,SFQRARQTQHA,0.12746992917675143
2156,SFQRARVKQHA,0.028391403928994054
2157,SFQRARVRQHA,0.1305628246999445
2158,SFQRARVLQHA,-0.145160114597815
2159,SFQRARVCQHA,0.13056423527745184
2160,SFQRARVTQHA,0.039418627159531885
2161,SFQRARISKHA,-0.1046288239691686
2162,SFQRARISRHA,0.3217873729209866
2163,SFQRARISAHA,0.03230501047947442
2164,SFQRARQSKHA,-0.39206478446678616
2165,SFQRARQSRHA,0.023997958870838484
2166,SFQRARQSAHA,-0.11539307830038409
2167,SFQRARVSKHA,-0.19997586138940246
2168,SFQRARVSRHA,-0.027218934680480568
2169,SFQRARVSAHA,-0.06571323287430929
2170,SFQRARISQFA,0.1760806796397949
2171,SFQRARISQYA,-0.14162670060908014
2172,SFQRARQSQFA,0.12174898008436834
2173,SFQRARQSQYA,0.08747980506985209
2174,SFQRARVSQFA,0.013740316251857636
2175,SFQRARVSQYA,-0.01856015974941373
2176,SFQRARISQHS,0.2140494470775932
2177,SFQRARVSQHS,0.013550358641258642
2178,SFQRARLKKHA,-0.10007251553011352
2179,SFQRARLKRHA,0.10877015427882429
2180,SFQRARLKAHA,0.020127395722318985
2181,SFQRARLRKHA,-0.22289769323103856
2182,SFQRARLRRHA,0.25543845063950715
2183,SFQRARLRAHA,0.29222936481153616
2184,SFQRARLLKHA,-0.027453715461120035
2185,SFQRARLLRHA,0.337505098951836
2186,SFQRARLLAHA,0.23354121968732444
2187,SFQRARLCKHA,-0.07726200706432468
2188,SFQRARLCRHA,0.028458579387197733
2189,SFQRARLCAHA,0.062040082891285084
2190,SFQRARLTKHA,-0.23482403932883616
2191,SFQRARLTRHA,0.1552466578572436
2192,SFQRARLTAHA,0.06681417827479988
2193,SFQRARLKQFA,-0.10249556202789857
2194,SFQRARLKQYA,0.17156741171832204
2195,SFQRARLRQFA,0.35405207283484913
2196,SFQRARLRQYA,0.2529970971793137
2197,SFQRARLLQFA,0.00215894431959957
2198,SFQRARLLQYA,0.015500382092148789
2199,SFQRARLCQFA,0.2567630761805377
2200,SFQRARLCQYA,0.12638193793275787
2201,SFQRARLTQFA,0.2399677792288532
2202,SFQRARLKQHS,0.006191501963209258
2203,SFQRARLRQHS,0.10836292273415972
2204,SFQRARLLQHS,-0.1673600165635998
2205,SFQRARLCQHS,0.10836433331166702
2206,SFQRARLTQHS,0.017218725193747078
2207,SFQRARLSKFA,0.10596056821182032
2208,SFQRARLSKYA,0.11347419859061382
2209,SFQRARLSRFA,0.1463911238486543
2210,SFQRARLSAFA,-0.002332924394728057
2211,SFQRARLSAYA,0.1849108838709501
2212,SFQRARLSRHS,0.024864889866953312
2213,SFQRARLSAHS,-0.21585573789840087
2214,SFQRARLSQFS,-0.20829773318399275
2215,SFQRARLSQYS,-0.4468966855091045
2216,SFQRAQIKKHA,-0.21392252978355117
2217,SFQRAQIKRHA,-0.0510681002236983
2218,SFQRAQIKAHA,-0.18984726649594583
2219,SFQRAQIRRHA,0.09560019613698457
2220,SFQRAQIRAHA,0.08225470259327139
2221,SFQRAQILKHA,-0.14130372971455774
2222,SFQRAQILRHA,0.1776668444493134
2223,SFQRAQILAHA,0.023566557469059578
2224,SFQRAQICKHA,-0.19111202131776237
2225,SFQRAQICRHA,-0.13137967511532483
2226,SFQRAQICAHA,-0.14793457932697976
2227,SFQRAQITKHA,-0.3486740535822738
2228,SFQRAQITRHA,-0.004591596645278978
2229,SFQRAQITAHA,-0.14316048394346492
2230,SFQRAQQKKHA,-0.28946715492559444
2231,SFQRAQQKRHA,-0.13696617891827195
2232,SFQRAQQKAHA,-0.12565401992022995
2233,SFQRAQQRKHA,-0.4122923326265195
2234,SFQRAQQRRHA,0.009702117442410906
2235,SFQRAQQRAHA,0.14644794916898723
2236,SFQRAQQLKHA,-0.21684835485660095
2237,SFQRAQQLRHA,0.09176876575473975
2238,SFQRAQQLAHA,0.08775980404477543
2239,SFQRAQQCKHA,-0.26665664645980564
2240,SFQRAQQCRHA,-0.2172777538098985
2241,SFQRAQQCAHA,-0.08374133275126389
2242,SFQRAQQTKHA,-0.42421867872431707
2243,SFQRAQQTRHA,-0.09048967533985265
2244,SFQRAQQTAHA,-0.0789672373677491
2245,SFQRAQVKKHA,0.17009168920341555
2246,SFQRAQVKRHA,0.07928684858203529
2247,SFQRAQVKAHA,0.19149574655747117
2248,SFQRAQVRKHA,0.04726651150249053
2249,SFQRAQVRRHA,0.2259551449427182
2250,SFQRAQVRAHA,0.4635977156466884
2251,SFQRAQVLKHA,0.24271048927240912
2252,SFQRAQVLRHA,0.308021793255047
2253,SFQRAQVLAHA,0.40490957052247656
2254,SFQRAQVCKHA,0.1929021976692045
2255,SFQRAQVCRHA,-0.0010247263095912577
2256,SFQRAQVCAHA,0.23340843372643727
2257,SFQRAQVTKHA,0.035340165404693
2258,SFQRAQVTRHA,0.12576335216045464
2259,SFQRAQVTAHA,0.23818252910995208
2260,SFQRAQIKQFA,-0.18181167163312853
2261,SFQRAQIKQYA,-0.06317370325332348
2262,SFQRAQIRQFA,0.27473596322961913
2263,SFQRAQIRQYA,0.01825598220766811
2264,SFQRAQILQFA,-0.0771571652856304
2265,SFQRAQILQYA,-0.21924073287949675
2266,SFQRAQICQFA,0.17744696657530776
2267,SFQRAQICQYA,-0.10835917703888764
2268,SFQRAQITQFA,0.16065166962362323
2269,SFQRAQITQYA,-0.46979340707870904
2270,SFQRAQQKQFA,-0.024252035832980745
2271,SFQRAQQKQYA,0.37782413778118307
2272,SFQRAQQRQFA,0.43229559902976694
2273,SFQRAQQRQYA,0.4592538232421747
2274,SFQRAQQLQFA,0.0804024705145174
2275,SFQRAQQLQYA,0.22175710815500985
2276,SFQRAQQCQFA,0.33500660237545554
2277,SFQRAQQCQYA,0.3326386639956189
2278,SFQRAQQTQFA,0.318211305423771
2279,SFQRAQQTQYA,-0.028795566044202425
2280,SFQRAQVKQFA,0.13520922138613486
2281,SFQRAQVKQYA,0.5392540940135435
2282,SFQRAQVRQFA,0.5917568562488825
2283,SFQRAQVRQYA,0.6206837794745351
2284,SFQRAQVLQFA,0.23986372773363307
2285,SFQRAQVLQYA,0.3831870643873703
2286,SFQRAQVCQFA,0.4944678595945712
2287,SFQRAQVCQYA,0.49406862022797937
2288,SFQRAQVTQFA,0.47767256264288666
2289,SFQRAQVTQYA,0.13263439018815806
2290,SFQRAQIKQHS,-0.1421679861776508
2291,SFQRAQIRQHS,-0.03999656540670033
2292,SFQRAQILQHS,-0.3157195047044599
2293,SFQRAQICQHS,-0.039995154829193046
2294,SFQRAQITQHS,-0.13114076294711302
2295,SFQRAQQKQHS,-0.04272443724119146
2296,SFQRAQQRQHS,0.059446983529759016
2297,SFQRAQQLQHS,-0.21627595576800054
2298,SFQRAQQCQHS,0.05944839410726633
2299,SFQRAQQTQHS,-0.031697214010653625
2300,SFQRAQVKQHS,0.1366941817932153
2301,SFQRAQVRQHS,0.23886560256416578
2302,SFQRAQVLQHS,-0.03685733673359375
2303,SFQRAQVCQHS,0.23886701314167305
2304,SFQRAQVTQHS,0.14772140502375314
2305,SFQRAQISKFA,0.06115393249401275
2306,SFQRAQISKYA,-0.08675744249360928
2307,SFQRAQISAFA,-0.14326420807736281
2308,SFQRAQISAYA,-0.11144540517810021
2309,SFQRAQQSKFA,0.04372539421565794
2310,SFQRAQQSKYA,0.1792522244623947
2311,SFQRAQQSRFA,0.027814256050876587
2312,SFQRAQQSRYA,0.09654295646795838
2313,SFQRAQQSAFA,-0.020954874637958528
2314,SFQRAQQSAYA,0.2943021334956628
2315,SFQRAQVSKYA,0.6208224057893585
2316,SFQRAQISRHS,-0.13497336463556928
2317,SFQRAQVSKHS,0.3138982854885775
2318,SFQRAQISQFS,-0.28761384278922275
2319,SFQRAQISQYS,-0.6816378004807501
2320,SFQRAQVSQYS,-0.07921000321388286
2321,SFQRAQLKRYA,-0.1724403438926991
2322,SFQRAQLRKFA,-0.0864486956222613
2323,SFQRAQLRKYA,0.005717201767580191
2324,SFQRAQLRAFA,-0.05090475654992721
2325,SFQRAQLRAYA,-0.003736868283258325
2326,SFQRAQLLRYA,-0.2963588663510962
2327,SFQRAQLCKFA,0.02641208980994878
2328,SFQRAQLCAFA,-0.07071847902329957
2329,SFQRAQLCAYA,0.05443686832124544
2330,SFQRAQLTKYA,-0.33516724418131827
2331,SFQRAQLTAYA,-0.13422395706637613
2332,SFQRAQLRKHS,-0.2070794583461123
2333,SFQRAQLRRHS,-0.22001694250290169
2334,SFQRAQLLKHS,-0.01163548057619373
2335,SFQRAQLLRHS,-0.13795029419057278
2336,SFQRAQLCKHS,-0.06144377217939842
2337,SFQRAQLTKHS,-0.21900580444390985
2338,SFQRAQLTRHS,-0.3202087352851652
2339,SFQRAQLKQYS,-0.38713834373920086
2340,SFQRAQLRQYS,-0.3057086582782092
2341,SFQRAQLLQFS,-0.480230233695271
2342,SFQRAQLLQYS,-0.5432053733653739
2343,SFQRAQLCQYS,-0.43232381752476506
2344,SFQRAQLSRYS,-0.4763075292815533
2345,SFQRAQLSAYS,-0.4586015719958149
2346,SFGCIQLTQHA,-0.19816378364903378
2347,SFNPIQLTQHA,0.009469787556020782
2348,SFGHAQQTQHA,-0.21147589735560557
2349,SWQHIQLTQHA,-0.025582554735487924
2350,SQQAMQLTQHA,-0.44953458392469375
2351,SFNAIQLTQHA,0.08158967662543548
2352,SQQRMQQTQHA,0.009205197990020337
2353,SWQAIQLTQHA,-0.22939354691929806
2354,SQQCMQLTQHA,-0.3730835172637482
2355,SFNRMQQTQHA,0.0813826599976288
2356,SQNRMQLTQHA,-0.1672735164251968
2357,SWQPMQLTQHA,0.03294173920784982
2358,SFNPIQLRQHA,0.016609280315406285
2359,SQNRMQLRQHA,-0.07612931888478419
2360,SFNCIQLRQHA,0.021509263251869283
2361,SQQRMQQRQHA,0.10034939553043296
2362,SWQAIQLRQHA,-0.13202966883971892
2363,SFGQIQLRQHA,-0.254007485947151
2364,SFNQIQLRQHA,-0.02061076902477711
2365,SQQRMQIRQHA,-0.2694427355285115
2366,SFGLIQLRQHA,0.06111207682388871
2367,SQGRMQLRQHA,-0.08649428692723266
2368,SQQAMQLRQHA,-0.3521707058451145
2369,SQQPMQLRQHA,-0.23657253724862704
2370,SFGQMQLRQHA,0.16557773564840056
2371,SWQPIQLRQHA,0.06543901983951896
2372,SQQCMQLRQHA,-0.3868071872852191
2373,SQQRMQVRQHA,0.37789148620302054
2374,SWNRIQLRQHA,0.35754401370973365
2375,SFGHIQLRQHA,-0.030415871075993025
2376,SFNRMQQRQHA,0.17252685753804142
2377,SFNTIQLLQHA,0.09158418710244541
2378,SQQCIQLLQHA,-0.5206578541071023
2379,SFGTIQLLQHA,-0.14181252981992853
2380,SFNPIQLLQHA,-0.39272171765203034
2381,SQQQMQLLQHA,-0.596300776467163
2382,SFNQIQLLQHA,-0.2883958498792042
2383,SQQRMQILQHA,-0.5451656748262711
2384,SQQRMQVLQHA,0.10216854690526103
2385,SQQPMQLLQHA,-0.6459035352160637
2386,SQQTMQLLQHA,-0.17445263818568194
2387,SQQRMRLLQHA,-0.006993558913625428
2388,SQQRMQQLQHA,-0.17537354376732656
2389,SQNRMQLLQHA,-0.3518522581825438
2390,SQQAMQLLQHA,-0.6399630013390594
2391,SQQLMQLLQHA,-0.45319281940733835
2392,SQQCMQLLQHA,-0.6841217840039419
2393,SFGRIQIKQHA,-0.3168230859627683
2394,SFGCIQLKQHA,-0.2531406124903372
2395,SFGAIQLKQHA,-0.03461609943406936
2396,SFQAIQQKQHA,0.2970805172408667
2397,SFNLIQLKQHA,0.1595651328099523
2398,SFNRIQQKQHA,0.25078252052537486
2399,SFQHIQIKQHA,-0.17741254005481782
2400,SFQPIQQKQHA,-0.04817558777989721
2401,SQQRMQVKQHA,0.2757200654320701
2402,SFGRMQQKQHA,-0.11738534883712391
2403,SFQPIQIKQHA,-0.29127268714067167
2404,SFNAIQLKQHA,0.19878061748830456
2405,SQQRMQQKQHA,-0.0018220252405174845
2406,SQQAMQLKQHA,-0.33234364306182473
2407,SFGLIQLKQHA,-0.07383158411242163
2408,SFQAIQIKQHA,0.05398341788009222
2409,SQQPMQLKQHA,-0.3996573050964926
2410,SFNRIQQCQHA,0.35295535187383265
2411,SWQQIQLCQHA,-0.08663897280830629
2412,SFQAIQICQHA,0.2985083646458367
2413,SFNTIQLCQHA,0.3012823151636809
2414,SFQPIQVCQHA,-0.0424513873352776
2415,SFNAIQLCQHA,0.443305564254049
2416,SQGRMQLCQHA,-0.08649287634972536
2417,SWQTIQLCQHA,-0.0028542945204891564
2418,SWQHIQLCQHA,0.04573822229615666
2419,SFNRIQICQHA,0.014017124956077915
2420,SFGAIQLCQHA,0.20990884733167506
2421,SFGHIQLCQHA,-0.016001238041988317
2422,SWQAIQLCQHA,0.13232234070931537
2423,SQQCMQLCQHA,-0.2543974283770744
2424,SFNHIQLCQHA,0.21739547888038563
2425,SFNLIQLSRHA,0.11584299703991045
2426,SFNRMQISRHA,-0.12379510676693495
2427,SFGRIQLTRHA,-0.16152685431979485
2428,SFQAIQLCRHA,0.09347237559737817
2429,SWGRIQLSRHA,0.11190988474442111
2430,SFNRIQISRHA,-0.016538126437637326
2431,SFNRIQLTRHA,-0.15483873105132384
2432,SFNRIQLCRHA,-0.2816268095213697
2433,SFQPIQLTRHA,-0.12242971451268415
2434,SFNTIQLSRHA,0.21423294122373163
2435,SFQHIQLTRHA,0.014175199780036063
2436,SQQRMQISRHA,-0.278717275743804
2437,SFNPIQLSRHA,-0.28494712559038243
2438,SFNAIQLSRHA,-0.12128845200088044
2439,SFNHIQLSRHA,-0.08272695342705333
2440,SFGAIQLSRHA,-0.12797657526935147
2441,SFGHMQLSRHA,-0.07557341763584025
2442,SQQHMQLSRHA,-0.14388666815970408
2443,SFGQIQLSRHA,-0.23400626438245933
2444,SFGQMQLSRHA,0.18557895721309234
2445,SQQRMQQSRHA,-0.09426677231589262
2446,SFGHIQLSRHA,-0.0894150766955244
2447,SFGLIQLSRHA,0.10915487377143936
2448,SQQRMQLCRHA,-0.3088780289704313
2449,SWQQIQLSRHA,-0.05833690524465308
2450,SQQTMQLSRHA,0.1893463477788157
2451,SQQPMQLSRHA,-0.29697871131120435
2452,SFQPIQLKRHA,-0.3138242699490457
2453,SQQAMQLSRHA,-0.4112624807077982
2454,SWQAIQLSRHA,-0.1911214437024025
2455,SFGRMQQSRHA,0.11271627575807047
2456,SFGPIQLSRHA,-0.29163524885885356
2457,SFGRIQLKRHA,-0.20800335789821417
2458,SWQTIQLSRHA,0.15124656338277298
2459,SFNRMQQSRHA,0.08333761163722551
2460,SFGRIQLRRHA,-0.06133506153753133
2461,SWQPIQLSRHA,0.005032845776941671
2462,SQQCMQLSRHA,-0.4609385953376821
2463,SQQRMQLLRHA,0.00016849059420698758
2464,SWQLIQLSRHA,0.0801467740338775
2465,SQQQMQLSKHA,-0.7664772729979756
2466,SQNRMQLSKHA,-0.4886533389214838
2467,SQQAMQLSKHA,-0.8836669178470381
2468,SFGRIQLKAHA,-0.2637893916140181
2469,SWQPIQLSAHA,-0.23431310894882815
2470,SWNRIQLSAHA,0.23875941897785227
2471,SFNRMQVSAHA,-0.04438951587211942
2472,SFNRIQLRAHA,0.34165134159369864
2473,SQQRMQQSAHA,-0.2336578094871152
2474,SWQHIQLSAHA,-0.2525799328938407
2475,SWQTIQLSAHA,-0.08809939134299687
2476,SFNRMQISAHA,-0.1852938822653677
2477,SQQRMQLRAHA,-0.04510724354609278
2478,SFGHIQLSAHA,-0.2959043065805928
2479,SFGRMQLRAHA,0.2609214308836529
2480,SWQAIQLSAHA,-0.4304673984281724
2481,SFNRMQQSAHA,-0.10735641456968774
2482,SQNRMQLSAHA,-0.19491391361666557
2483,SFNRMQLTAHA,0.14581325958549077
2484,SQQRMQLCAHA,-0.275296525466344
2485,SQQCMQLSAHA,-0.7002845500634519
2486,SQQRMQLLAHA,-0.10379538867030459
2487,SFGAIRLSQHA,0.15700150484373374
2488,SFGAIQVSQHA,0.06780762922461683
2489,SQQLMQVSQHA,0.4465169514147758
2490,SQQCMQVSQHA,0.026709884283751904
2491,SQQAMQQSQHA,-0.20115609175895166
2492,SFNCIQQSQHA,0.141687338621872
2493,SWNRIQISQHA,0.1754800951567824
2494,SFNCIQISQHA,-0.19725088829588264
2495,SQQCMQISQHA,-0.6206243374477802
2496,SQNRMQISQHA,-0.3841531212627345
2497,SFGCIQISQHA,-0.42591826786627107
2498,SQQLMQISQHA,-0.20081727031675625
2499,SFGTIQISQHA,0.08208705000126572
2500,SWQHIQISQHA,-0.04695983645316982
2501,SWQAIQISQHA,-0.2248473019875015
2502,SWQTIQISQHA,0.11752070509767396
2503,SQQPMQISQHA,-0.4566644534213023
2504,SWQLIQISQHA,0.04642091574877852
2505,SWQCMQISQHA,-0.12847267682418861
2506,SQQCMQLSQYA,-0.6149045322484007
2507,SQGRMQLSQYA,-0.4037707960781988
2508,SQNRMQLSQYA,-0.39340582803575025
2509,SQQAMQLSQFA,-0.2956115290550011
2510,SQQCMQLSQFA,-0.43812622657557176
2511,SQNTMQLSQHA,0.22297402231244498
2512,SQGQMQLSQHA,-0.27081012936755483
2513,SQNPMQLSQHA,-0.2633510367775751
2514,SQNHMQLSQHA,-0.11025899362607484
2515,SQNAMQLSQHA,-0.37763480617416884
2516,SQNCMQLSQHA,-0.42731092080405286
2517,SQGHMQLSQHA,-0.12062396166852339
2518,SQNLMQLSQHA,-0.007503853673029001
2519,SWNHIQLSQHA,0.13747676435907483
2520,SWNPIQLSQHA,0.15574358830408733
2521,SWGAIQLSQHA,-0.2738074180976308
2522,SWNAIQLSQHA,-0.040410701175256865
2523,SWNCIQLSQHA,-0.07618648206249469
2524,SWNHIQISQHA,-0.08287693427966028
2525,SWNAIQISQHA,-0.26076439981399196
2526,SWGAIQQSQHA,-0.2542901636231956
2527,SQNRMQLRAHA,0.07079201089564112
2528,SQQHMQLLAHA,-0.11656219690389498
2529,SQGRMQLLAHA,-0.0982031494671448
2530,SQQRMQVLAHA,0.38863320801686174
2531,SQQPMQLLAHA,-0.40030454510960917
2532,SQQTMQLLAHA,0.0711463519207726
2533,SQNRMQLLAHA,0.012103865771429313
2534,SQNRMQLKAHA,-0.20130995819357606
2535,SWNRIQLCAHA,0.27427606156990786
2536,SFGHIRLSAHA,-0.06145341859623004
2537,SFGAIQQSAHA,-0.21844485056635354
2538,SFGAIQISAHA,-0.40216353294588686
2539,SQNLMQLSAHA,-0.16457822849069423
2540,SWNHIQLSAHA,-0.019597610458590372
2541,SWNQIQLSAHA,-0.06470053753517262
2542,SWGAIQLSAHA,-0.5308238401114216
2543,SQNAMQLSKHA,-0.8284486062966523
2544,SQNHMQLSKHA,-0.5610727937485582
2545,SQNPMQLSKHA,-0.7141648369000585
2546,SFGHIQLTRHA,-0.11903796674391466
2547,SWNRIQLTRHA,0.007975270845136419
2548,SQQQMQLTRHA,-0.2991292904420086
2549,SQQCMQLTRHA,-0.3903578307447214
2550,SFGLIQLTRHA,0.11534357871838691
2551,SWNRIQLRRHA,0.10816706362739997
2552,SQNRMQLRRHA,-0.3255062689671179
2553,SFGAIQLRRHA,-0.0771115186457901
2554,SFGLIQLRRHA,0.03844372039545788
2555,SFGHIQLRRHA,-0.053084227504423875
2556,SFGPIQLRRHA,-0.23945579303539846
2557,SFGPIQLLRHA,-0.29099720339274676
2558,SFGHIQLLRHA,0.04187327382479628
2559,SQQQMQLLRHA,-0.2467379070961968
2560,SQNRMQLLRHA,-0.24343962065478902
2561,SQQTMQLLRHA,0.17511023118528415
2562,SFGLIQLLRHA,0.046656451941725435
2563,SQQPMQLLRHA,-0.2963406658450975
2564,SQQAMQLLRHA,-0.2904001319680933
2565,SQQCMQLLRHA,-0.33455891463297566
2566,SFGHIQLKRHA,-0.33317728938714264
2567,SFNPIQLKRHA,-0.4403493132045254
2568,SFGHIQLCRHA,-0.26565087630023587
2569,SFGTIQLCRHA,-0.18176404001694058
2570,SQNRMQLCRHA,-0.5524861402194273
2571,SFGCIQLCRHA,-0.3291273330206075
2572,SWNRIQLCRHA,-0.11881280762490949
2573,SQQLIQLCRHA,-0.2772794475579263
2574,SFGLIQLCRHA,-0.08989907787751762
2575,SFGHIRLSRHA,0.14503581128883836
2576,SFNAIQVSRHA,0.22583458911854262
2577,SFGTIQVSRHA,0.21397774800523878
2578,SQNRMQVSRHA,0.32923066319127237
2579,SWNRIQVSRHA,0.6924822523009794
2580,SFGAIQVSRHA,-0.12154364521937326
2581,SFGPIQVSRHA,-0.2852023188088753
2582,SFGLIQVSRHA,0.11558780382141755
2583,SFGHIQVSRHA,-0.0829821466455462
2584,SFGAIQQSRHA,-0.006960847480883381
2585,SFGHIQQSRHA,0.03160065109294364
2586,SFNAIQQSRHA,0.18669223727819706
2587,SWGRIQQSRHA,0.27159475508603886
2588,SWNRIQQSRHA,0.4652478398451192
2589,SFGLIQQSRHA,0.23017060155990743
2590,SFNHIQISRHA,-0.05504908598112253
2591,SQQQMQISRHA,-0.50132289826991
2592,SQNRMQISRHA,-0.45299674216472624
2593,SQQAMQISRHA,-0.6185125431189724
2594,SFNAIQISRHA,-0.09361058455494961
2595,SFGAIQISRHA,-0.31579945340278265
2596,SFGHIQISRHA,-0.2772379548289556
2597,SFGTIQISRHA,0.019721939821829373
2598,SFGLIQISRHA,-0.07866800436199185
2599,SFGPIQISRHA,-0.4794581269922848
2600,SQNTMQLSRHA,-0.054261763470180364
2601,SQGAMQLSRHA,-0.43852696634533983
2602,SQNQMQLSRHA,-0.5376809471077316
2603,SQGCMQLSRHA,-0.48820308097522375
2604,SQNHMQLSRHA,-0.38749477940870025
2605,SQNAMQLSRHA,-0.6548705919567942
2606,SQGQMQLSRHA,-0.32133732149627725
2607,SQNCMQLSRHA,-0.7045467065866783
2608,SQGLMQLSRHA,-0.06839601384419995
2609,SQNLMQLSRHA,-0.2847396394556543
2610,SWGPIQLSRHA,-0.12818032074700902
2611,SWNPIQLSRHA,-0.12149219747853796
2612,SWGHIQLSRHA,-0.14644714469202155
2613,SWNQIQLSRHA,-0.1848619485001327
2614,SWGAIQLSRHA,-0.32433461022635324
2615,SWGQIQLSRHA,-0.1915500717686038
2616,SWNAIQLSRHA,-0.31764648695788217
2617,SWGLIQLSRHA,-0.05306639249007325
2618,SFGHIQVCQHA,0.12925577432325755
2619,SFGQIQQCQHA,-0.2670185818355184
2620,SFGHIQQCQHA,-0.03515312612070281
2621,SFNTIQQCQHA,0.4595062446467329
2622,SQNRMQQCQHA,0.04319176784491368
2623,SFGHIQICQHA,-0.1919861981247056
2624,SFGPIQICQHA,-0.49158785478118217
2625,SQNAMQLCQHA,-0.09027657570186486
2626,SQNLIQLCQHA,0.07255374109874455
2627,SQNRMQQKQHA,-0.0589810635035441
2628,SFNHIQIKQHA,-0.2133296378813083
2629,SQNQMQLKQHA,-0.402698430202086
2630,SQGQMQLKQHA,-0.4130633982445345
2631,SQNPMQLKQHA,-0.4021151845022772
2632,SQQPMQVLQHA,-0.19434060953404347
2633,SQQHMQVLQHA,0.08940173867167062
2634,SQQAMQVLQHA,-0.18840007565703923
2635,SQNRMQVLQHA,0.05346157483884406
2636,SQQAMQQLQHA,-0.46594216632962665
2637,SQQHMQQLQHA,-0.18814035200091697
2638,SQQTMQQLQHA,-0.00043180317624938713
2639,SQNRMQQLQHA,-0.23253258203035318
2640,SQGRMQQLQHA,-0.420273367634568
2641,SFGPIQILQHA,-0.8021033946571218
2642,SQNRMQILQHA,-0.6981658406462776
2643,SQNHMQLLQHA,-0.3646190664161341
2644,SQGTMQLLQHA,-0.18727548563391502
2645,SQNTMQLLQHA,-0.1769105175914666
2646,SQGQMQLLQHA,-0.6091236239153961
2647,SQNQMQLLQHA,-0.5987586558729476
2648,SQNPMQLLQHA,-0.6483614146218483
2649,SQNCMQLLQHA,-0.6865796634097264
2650,SQNAMQLLQHA,-0.6424208807448439
2651,SQGAMQLLQHA,-0.6527858487872924
2652,SWNHIQLLQHA,-0.11688330843098446
2653,SQNLIQLLQHA,-0.37566159852191755
2654,SQNRMQVRQHA,0.3291845141366036
2655,SFNPIQQRQHA,0.17483320979845815
2656,SFNHIQQRQHA,0.36120477532943285
2657,SQNRMQQRQHA,0.043190357267406325
2658,SQNTMQLRQHA,-0.010759557267417175
2659,SQNQMQLRQHA,-0.3309735750185205
2660,SQNCMQLRQHA,-0.38926506669100375
2661,SWNQIQLRQHA,0.021845423589078414
2662,SWNTIQLRQHA,0.06822372633005652
2663,SWNHIQLRQHA,0.14594877784988378
2664,SFGAIQQTQHA,-0.17095892837565285
2665,SFNAIQITQHA,-0.09912462080926727
2666,SFGHIQITQHA,-0.26330697515635015
2667,SQNAMQLTQHA,-0.4519924633304784
2668,SQNLMQLTQHA,-0.02012638918452212
2669,SWNPIQLTQHA,0.17292471566786533
2670,SQGPMQLLQHS,-0.5461826826921314
2671,SQNPMQLLQHS,-0.5358177146496831
2672,SQNAMQLLQHS,-0.2706480689943
2673,SQGAMQLLQHS,-0.28101303703674846
2674,SQGLMQLLQHS,-0.3337143626407466
2675,SQGAMQLRQHS,0.006779258457196361
2676,SQNAMQLRQHS,0.017144226499644845
2677,SQNLIQLSRFA,-0.25071701169998417
2678,SQNAIQLSRYA,-0.429933295140779
2679,SQNPIQLSRYA,-0.33109710972009754
2680,SFGHIRISAHA,-0.14784580197355013
2681,SWGLIQQSAHA,-0.10486552523392559
2682,SFGHIRVSAHA,-0.4251180341328358
2683,SQGLIRLSAHA,-0.07552707245485472
2684,SQNRMQQCAHA,-0.20117627224826726
2685,SQNPMQLCAHA,-0.421115237463242
2686,SQNAMQLCAHA,-0.173545938419198
2687,SQNCMQLCAHA,-0.34012467050019224
2688,SQNRMQQKAHA,-0.24308895941723332
2689,SQGRMQVLAHA,0.3333710936427781
2690,SQNRMQVLAHA,0.2946106592596131
2691,SQGRMQQLAHA,-0.021086448209939813
2692,SQNRMQQLAHA,-0.02967513545222793
2693,SQNRMQILAHA,-0.307477738275064
2694,SQGTMQLLAHA,0.07673859112393236
2695,SQNHMQLLAHA,-0.000662942462161097
2696,SQGHMQLLAHA,-0.11096995770073527
2697,SQGPMQLLAHA,-0.39471230590644946
2698,SQNPMQLLAHA,-0.2844052906678752
2699,SQNTMQLLAHA,0.18704560636250644
2700,SQGAMQLLAHA,-0.388771772029445
2701,SQNAMQLLAHA,-0.27846475679087096
2702,SQNCMQLLAHA,-0.3226235394557533
2703,SQNLMQLLAHA,-0.09169457485914986
2704,SQNRIRLRAHA,0.6513801210107953
2705,SFGHIQVRAHA,0.15095470796475458
2706,SFGPIQVRAHA,-0.035416857566220074
2707,SFGHIQQRAHA,0.132584366096373
2708,SFGPIQQRAHA,-0.05378719943460167
2709,SQNRMQQRAHA,0.029013009671983867
2710,SFGAIQIRAHA,-0.07516160742452663
2711,SFNHIQIRAHA,0.19591985660934413
2712,SFGHIQIRAHA,-0.051134316283160404
2713,SFGPIQIRAHA,-0.23750588181413504
2714,SQNQMQLRAHA,-0.18405224523809513
2715,SQGQMQLRAHA,-0.2943592604766693
2716,SQNPMQLRAHA,-0.0921090868739863
2717,SQNHMQLRAHA,0.045134349645159395
2718,SQNTMQLRAHA,0.13616177251300815
2719,SQGLMQLRAHA,-0.06945952820745092
2720,SWNLIQLRAHA,0.27920885726517536
2721,SFGHIQVTAHA,-0.040222425029208995
2722,SFGHIQITAHA,-0.2423114492771239
2723,SFNHIQITAHA,0.004742723615380614
2724,SFNAIQITAHA,-0.05974230160792494
2725,SFGAIQITAHA,-0.30679647450042946
2726,SFGLIRISRHA,0.13708822803651788
2727,SFNHIRISRHA,0.16070714641738723
2728,SFGPIRISRHA,-0.263701894593775
2729,SFGHIRISRHA,-0.06148172243044585
2730,SFGQIRISRHA,-0.20607291011738074
2731,SQGQMQISRHA,-0.6747594846587398
2732,SQNLMQISRHA,-0.42266105703875484
2733,SQGLMQISRHA,-0.4218181770066625
2734,SWNHIQISRHA,-0.15172055518165198
2735,SQGLIQISRHA,-0.5159902328924351
2736,SQNLIQISRHA,-0.2938013640446019
2737,SWGAIQISRHA,-0.5517968895638168
2738,SFNHIRQSRHA,0.22911863289495954
2739,SQGAMQQSRHA,-0.3564154918877331
2740,SQNPMQQSRHA,-0.27151038661198423
2741,SWGTIQQSRHA,0.17771826720043996
2742,SWGHIQQSRHA,0.013237725649596143
2743,SWNHIQQSRHA,0.20689081040867663
2744,SQNLIQQSRHA,-0.326959410652382
2745,SWNTIQQSRHA,0.3713713519595204
2746,SWGAIQQSRHA,-0.16464973988473555
2747,SQGLIQQSRHA,-0.5206124954114624
2748,SWGLIQQSRHA,0.10661847785154448
2749,SWNLIQQSRHA,0.30027156261062493
2750,SFNHIRVSRHA,0.0007910636836787106
2751,SQNAMQVSRHA,-0.01056460418389622
2752,SQGLMQVSRHA,0.23521986285925334
2753,SWGHIQVSRHA,0.08674698852662088
2754,SQGLIQVSRHA,0.07326014245880394
2755,SWGQIQVSRHA,0.041644061450038676
2756,SWGLIQVSRHA,0.18012774072856927
2757,SQNHMRLSRHA,-0.04509395954556644
2758,SQNQMRLSRHA,-0.19528012724459787
2759,SQNPMRLSRHA,-0.19818600269706665
2760,SQNLIRLSRHA,0.13765028069868476
2761,SQNHIRLSRHA,0.004358788337079084
2762,SQNPIRLSRHA,0.06074543319502045
2763,SQGLIRLSRHA,0.1309621574302137
2764,SQNRIRLCRHA,0.02810196989572689
2765,SQGRIRLCRHA,0.021413846627255838
2766,SFGHIQVCRHA,-0.2592179462502577
2767,SFGPIQVCRHA,-0.5588196029067343
2768,SFGLIQVCRHA,-0.0834661478275394
2769,SFNLIQQCRHA,0.22476973467003092
2770,SFNAIQQCRHA,0.274928021620976
2771,SQNRMQQCRHA,-0.2834097042712112
2772,SFNPIQQCRHA,-0.2505837204091639
2773,SQQAIQICRHA,-0.5029106735351664
2774,SFNHIQICRHA,-0.23128488558583402
2775,SFGTIQICRHA,-0.36958691815037176
2776,SFNPIQICRHA,-0.5308865422423106
2777,SFGHIQICRHA,-0.4534737544336671
2778,SFGCIQICRHA,-0.5169502111540387
2779,SFGQIQICRHA,-0.6853392101484826
2780,SQNAMQLCRHA,-0.5666348076140154
2781,SQGHIQLCRHA,-0.5209659543992372
2782,SQNHIQLCRHA,-0.5142778311307662
2783,SQNAIQLCRHA,-0.47105624708241917
2784,SWGPIQLCRHA,-0.40179760484486793
2785,SQNCIQLCRHA,-0.4526665418046536
2786,SQNLIQLCRHA,-0.40380449081340597
2787,SQGCIQLCRHA,-0.4593546650731246
2788,SWNQIQLCRHA,-0.44837201613272487
2789,SFNPIQVKRHA,-0.09322627208510244
2790,SFNHIQVKRHA,0.020633875000751378
2791,SFGHIQVKRHA,-0.32674435933716445
2792,SFGPIQVKRHA,-0.4406045064230183
2793,SFNHIQQKRHA,-0.018508476839594147
2794,SFGLIQQKRHA,-0.019981088342116836
2795,SFGHIQQKRHA,-0.21216156159867464
2796,SFGPIQQKRHA,-0.32602170868452846
2797,SFNHIQIKRHA,-0.2988112986727408
2798,SQNRMQIKRHA,-0.6100959829109013
2799,SFGQIQIKRHA,-0.580720451282311
2800,SFGHIQIKRHA,-0.5210001675205739
2801,SFGAIQIKRHA,-0.28960420958566374
2802,SQGQMQLKRHA,-0.4802286302626977
2803,SQGCMQLKRHA,-0.508048425571448
2804,SQGLMQLKRHA,-0.3185477037462242
2805,SWGTIQLKRHA,-0.40984975761896436
2806,SWGPIQLKRHA,-0.28358250836115195
2807,SQGCIQLKRHA,-0.4505331765610176
2808,SWGQIQLKRHA,-0.3504413805350244
2809,SWGHIQLKRHA,-0.3902093573836398
2810,SQGAIQLKRHA,-0.5397849108765503
2811,SWNLIQLKRHA,-0.2965299591236264
2812,SQNCIQLKRHA,-0.44384505329254653
2813,SQGTIQLKRHA,-0.24305501284760778
2814,SQGPIQLKRHA,-0.4437456975507273
2815,SQGHIQLKRHA,-0.588492367486144
2816,SFGQIQVLRHA,-0.18023840556994233
2817,SFGHIQVLRHA,0.048306203874774495
2818,SQNRMQVLRHA,0.40086636711810897
2819,SQQQMQVLRHA,0.04483903305902828
2820,SFGLIQVLRHA,0.05308938199170365
2821,SQNRMQQLRHA,0.025636815293427054
2822,SFGPIQILRHA,-0.478820081526178
2823,SFGHIQILRHA,-0.1459496043086349
2824,SQQAIQILRHA,-0.4702841091382403
2825,SFGQIQILRHA,-0.37449421375335173
2826,SQNHMQLLRHA,-0.2562064288883794
2827,SQNTMQLLRHA,-0.0684978800637119
2828,SQGTMQLLRHA,0.14784574554774252
2829,SQNPMQLLRHA,-0.5399487770940936
2830,SQGQMQLLRHA,-0.2740023927337385
2831,SQGLMQLLRHA,-0.13089443567391387
2832,SQNCMQLLRHA,-0.5781670258819717
2833,SQNAMQLLRHA,-0.5340082432170893
2834,SQGCMQLLRHA,-0.3618234002705172
2835,SQNLMQLLRHA,-0.3472380612853682
2836,SQGQIQLLRHA,-0.36414582115492705
2837,SQGAIQLLRHA,-0.4451178059539643
2838,SQNAIQLLRHA,-0.4384296826854932
2839,SQGHIQLLRHA,-0.213441804274205
2840,SQGPIQLLRHA,-0.28770546447047757
2841,SQGTIQLLRHA,0.1705920250366473
2842,SQNPIQLLRHA,-0.2810173412020065
2843,SQNLIQLLRHA,-0.2672489609941629
2844,SQGLIQLLRHA,-0.2739370842626339
2845,SQGCIQLLRHA,-0.30430815126008687
2846,SFGPIRLRRHA,-0.005004905051035776
2847,SFNPIQVRRHA,0.11435537135249554
2848,SFNHIQVRRHA,0.3007269368834702
2849,SFGLIQVRRHA,0.04487665044543611
2850,SFGHIQVRRHA,-0.046651297454445635
2851,SFNLIQQRRHA,0.35311253294300643
2852,SFGHIQQRRHA,0.0679315002840442
2853,SFGAIQQRRHA,0.04390420914267798
2854,SFGPIQQRRHA,-0.1184400652469305
2855,SFGLIQQRRHA,0.15945944818392593
2856,SQNRMQQRRHA,-0.05642983301890176
2857,SQNRMQIRRHA,-0.4634276865502184
2858,SFNAIQIRRHA,-0.04274552793138821
2859,SFNHIQIRRHA,-0.01871823679002196
2860,SFGTIQIRRHA,-0.18615280405774115
2861,SFNPIQIRRHA,-0.20508980232099658
2862,SFGPIQIRRHA,-0.4272786711688297
2863,SFGHIQIRRHA,-0.240907105637855
2864,SQNHMQLRRHA,-0.35116393021759956
2865,SQNQMQLRRHA,-0.5803505251008543
2866,SQNAMQLRRHA,-0.6040055353332329
2867,SWNHIQLRRHA,-0.10342817223244995
2868,SWGHIQLRRHA,-0.11011629550092104
2869,SWNTIQLRRHA,-0.18115322375227716
2870,SQNLIQLRRHA,-0.2754616925404304
2871,SWGQIQLRRHA,-0.23421964976172632
2872,SQGLIQLRRHA,-0.28214981580890147
2873,SWGTIQLRRHA,-0.18784134702074826
2874,SQGCIQLRRHA,-0.3647831421514525
2875,SWNPIQLRRHA,-0.06931274165508293
2876,SWGPIQLRRHA,-0.07600086492355401
2877,SWNQIQLRRHA,-0.22753152649325523
2878,SQNCIQLRRHA,-0.3580950188829815
2879,SWNLIQLRRHA,-0.1170894225975836
2880,SQNRIRLTRHA,0.1548900483657728
2881,SFGPIQVTRHA,-0.24920995098665663
2882,SFNHIQVTRHA,0.23477319764397944
2883,SFGHIQVTRHA,-0.1126050366939364
2884,SFGAIQVTRHA,-0.17709006191724197
2885,SFNAIQVTRHA,0.1702881724206739
2886,SFNPIQVTRHA,0.09816828335125916
2887,SFGLIQVTRHA,0.12177650876836514
2888,SFGQIQQTRHA,-0.1180469911772642
2889,SFNTIQQTRHA,0.09643937610970553
2890,SFNHIQQTRHA,0.19563084580363393
2891,SFNAIQQTRHA,0.13114582058032836
2892,SFGAIQQTRHA,-0.06250726417875212
2893,SFGHIQQTRHA,0.0019777610445534085
2894,SFGTIQQTRHA,-0.09721370864937494
2895,SFGLIQQTRHA,0.23635930650685497
2896,SFNHIQITRHA,-0.08467197602951275
2897,SFGAIQITRHA,-0.3713458701006513
2898,SFGHIQITRHA,-0.3068608448773458
2899,SFNTIQITRHA,-0.1838634457234411
2900,SFGPIQITRHA,-0.44346575917006614
2901,SFNAIQITRHA,-0.14915700125281828
2902,SFGTIQITRHA,-0.40605231457127416
2903,SFGQIQITRHA,-0.42688559709916346
2904,SFGLIQITRHA,-0.07247929941504423
2905,SQNQMQLTRHA,-0.5427374016910046
2906,SQNAMQLTRHA,-0.710417008654663
2907,SQNLMQLTRHA,-0.2785509345087067
2908,SQGLMQLTRHA,-0.06220730889725241
2909,SQNCMQLTRHA,-0.6339659419937175
2910,SWNQIQLTRHA,-0.18991840308340568
2911,SWGPIQLTRHA,-0.09218795292479041
2912,SWGTIQLTRHA,-0.40774085753428135
2913,SQNCIQLTRHA,-0.35341894410336155
2914,SWGHIQLTRHA,-0.1760700347404118
2915,SWGQIQLTRHA,-0.19660652635187678
2916,SQNLIQLTRHA,-0.19856183421750134
2917,SWNHIQLTRHA,-0.1693819114719407
2918,SWNPIQLTRHA,-0.08549982965631932
2919,SQGCIQLTRHA,-0.3601070673718325
2920,SWGPIQICQHA,-0.36777232787337
2921,SQNLIQICQHA,-0.22488924866204202
2922,SWNPIQQCQHA,0.27814182237195517
2923,SQNHIRLCQHA,0.30448122064451805
2924,SQGLIRLCQHA,0.18155784403950434
2925,SWNPIQIKQHA,-0.2033742580593499
2926,SWNPIQVKQHA,0.3518715301159622
2927,SQNTMQILQHA,-0.5232241000552006
2928,SQNAMQILQHA,-0.9887344632085782
2929,SQNLIQILQHA,-0.6731045882827041
2930,SQNTMQQLQHA,-0.057590841439275994
2931,SQNPMQQLQHA,-0.5290417384696577
2932,SQNAMQQLQHA,-0.5231012045926534
2933,SQNHMQVLQHA,0.040694766605253646
2934,SQGPMQVLQHA,-0.2162864236455758
2935,SQNPMQVLQHA,-0.24304758160046044
2936,SQNAMQVLQHA,-0.23710704772345617
2937,SQNTMQVLQHA,0.22840331542992126
2938,SQNCIQVLQHA,-0.01963590430971202
2939,SQNAMRLLQHA,-0.30002006088171024
2940,SQGQMRLLQHA,-0.2667228040522623
2941,SQNQMRLLQHA,-0.2563578360098138
2942,SQGCMRLLQHA,-0.3545438115890411
2943,SQGCMQIRQHA,-0.7412142798452009
2944,SWNPIQIRQHA,-0.04028949021148434
2945,SQGLMQVRQHA,0.3260011482269703
