Sequence
SFQRAQLSQHA
SFQRMQLSQHA
SFQRAQLSQFA
SFQRAQLSKHA
SFQRAQLKQHA
SFQRAQLSRHA
SFQTAQLSQHA
SFQQAQLSQHA
SFQRAQLSQYA
SFQLAQLSQHA
SFQRAQLRQHA
SFQAAQLSQHA
SFQHAQLSQHA
SFQRAQLLQHA
WFQRAQLSQHA
SAQRAQLSQHA
SFQRAQISQHA
SFQRARLSQHA
SFQRAQLCQHA
SQQRAQLSQHA
SFNRAQLSQHA
SFQRAQQSQHA
SFQRAQVSQHA
SFQCAQLSQHA
SFGRAQLSQHA
SWQRAQLSQHA
SFQRAQLTQHA
SFQRAQLSQHS
SFQRIQLSQHA
SFQRAQLSAHA
SFQPAQLSQHA
WAQRAQLSQHA
WQQRAQLSQHA
WWQRAQLSQHA
WFNRAQLSQHA
WFGRAQLSQHA
WFQTAQLSQHA
WFQQAQLSQHA
WFQLAQLSQHA
WFQAAQLSQHA
WFQHAQLSQHA
WFQCAQLSQHA
WFQPAQLSQHA
WFQRMQLSQHA
WFQRIQLSQHA
WFQRARLSQHA
WFQRAQISQHA
WFQRAQQSQHA
WFQRAQVSQHA
WFQRAQLKQHA
WFQRAQLRQHA
WFQRAQLLQHA
WFQRAQLCQHA
WFQRAQLTQHA
WFQRAQLSKHA
WFQRAQLSRHA
WFQRAQLSAHA
WFQRAQLSQFA
WFQRAQLSQYA
WFQRAQLSQHS
SANRAQLSQHA
SAGRAQLSQHA
SQNRAQLSQHA
SQGRAQLSQHA
SWNRAQLSQHA
SWGRAQLSQHA
SAQTAQLSQHA
SAQQAQLSQHA
SAQLAQLSQHA
SAQAAQLSQHA
SAQHAQLSQHA
SAQCAQLSQHA
SAQPAQLSQHA
SQQTAQLSQHA
SQQQAQLSQHA
SQQLAQLSQHA
SQQAAQLSQHA
SQQHAQLSQHA
SQQCAQLSQHA
SQQPAQLSQHA
SWQTAQLSQHA
SWQQAQLSQHA
SWQLAQLSQHA
SWQAAQLSQHA
SWQCAQLSQHA
SWQPAQLSQHA
SAQRMQLSQHA
SAQRIQLSQHA
SQQRMQLSQHA
SQQRIQLSQHA
SWQRMQLSQHA
SWQRIQLSQHA
SAQRARLSQHA
SQQRARLSQHA
SWQRARLSQHA
SAQRAQISQHA
SAQRAQQSQHA
SAQRAQVSQHA
SQQRAQISQHA
SQQRAQQSQHA
SQQRAQVSQHA
SWQRAQISQHA
SWQRAQQSQHA
SWQRAQVSQHA
SAQRAQLKQHA
SAQRAQLRQHA
SAQRAQLLQHA
SAQRAQLCQHA
SAQRAQLTQHA
SQQRAQLKQHA
SQQRAQLRQHA
SQQRAQLLQHA
SQQRAQLCQHA
SQQRAQLTQHA
SWQRAQLKQHA
SWQRAQLRQHA
SWQRAQLLQHA
SWQRAQLCQHA
SWQRAQLTQHA
SAQRAQLSKHA
SAQRAQLSRHA
SAQRAQLSAHA
SQQRAQLSRHA
SWQRAQLSKHA
SWQRAQLSRHA
SWQRAQLSAHA
SAQRAQLSQFA
SAQRAQLSQYA
SQQRAQLSQFA
SQQRAQLSQYA
SWQRAQLSQFA
SWQRAQLSQYA
SAQRAQLSQHS
SQQRAQLSQHS
SWQRAQLSQHS
SFNTAQLSQHA
SFNQAQLSQHA
SFNLAQLSQHA
SFNAAQLSQHA
SFNHAQLSQHA
SFNCAQLSQHA
SFNPAQLSQHA
SFGTAQLSQHA
SFGQAQLSQHA
SFGLAQLSQHA
SFGAAQLSQHA
SFGHAQLSQHA
SFGCAQLSQHA
SFGPAQLSQHA
SFNRMQLSQHA
SFNRIQLSQHA
SFGRMQLSQHA
SFGRIQLSQHA
SFNRARLSQHA
SFGRARLSQHA
SFNRAQISQHA
SFNRAQQSQHA
SFNRAQVSQHA
SFGRAQISQHA
SFGRAQQSQHA
SFGRAQVSQHA
SFNRAQLKQHA
SFNRAQLRQHA
SFNRAQLLQHA
SFNRAQLCQHA
SFNRAQLTQHA
SFGRAQLKQHA
SFGRAQLRQHA
SFGRAQLLQHA
SFGRAQLCQHA
SFGRAQLTQHA
SFNRAQLSKHA
SFNRAQLSRHA
SFNRAQLSAHA
SFGRAQLSKHA
SFGRAQLSRHA
SFGRAQLSAHA
SFNRAQLSQFA
SFNRAQLSQYA
SFGRAQLSQFA
SFGRAQLSQYA
SFNRAQLSQHS
SFGRAQLSQHS
SFQTMQLSQHA
SFQTIQLSQHA
SFQQMQLSQHA
SFQQIQLSQHA
SFQLMQLSQHA
SFQLIQLSQHA
SFQAMQLSQHA
SFQAIQLSQHA
SFQHMQLSQHA
SFQHIQLSQHA
SFQCMQLSQHA
SFQCIQLSQHA
SFQPMQLSQHA
SFQPIQLSQHA
SFQTARLSQHA
SFQQARLSQHA
SFQLARLSQHA
SFQAARLSQHA
SFQHARLSQHA
SFQCARLSQHA
SFQPARLSQHA
SFQTAQISQHA
SFQTAQQSQHA
SFQTAQVSQHA
SFQQAQISQHA
SFQQAQQSQHA
SFQQAQVSQHA
SFQLAQISQHA
SFQLAQQSQHA
SFQLAQVSQHA
SFQAAQQSQHA
SFQAAQVSQHA
SFQHAQISQHA
SFQHAQQSQHA
SFQHAQVSQHA
SFQCAQISQHA
SFQCAQQSQHA
SFQCAQVSQHA
SFQPAQISQHA
SFQPAQQSQHA
SFQPAQVSQHA
SFQTAQLKQHA
SFQTAQLRQHA
SFQTAQLLQHA
SFQTAQLCQHA
SFQTAQLTQHA
SFQQAQLKQHA
SFQQAQLRQHA
SFQQAQLLQHA
SFQQAQLCQHA
SFQQAQLTQHA
SFQLAQLKQHA
SFQLAQLRQHA
SFQLAQLLQHA
SFQLAQLCQHA
SFQLAQLTQHA
SFQAAQLKQHA
SFQAAQLRQHA
SFQAAQLLQHA
SFQAAQLCQHA
SFQAAQLTQHA
SFQHAQLKQHA
SFQHAQLRQHA
SFQHAQLLQHA
SFQHAQLCQHA
SFQHAQLTQHA
SFQCAQLKQHA
SFQCAQLRQHA
SFQCAQLLQHA
SFQCAQLCQHA
SFQCAQLTQHA
SFQPAQLKQHA
SFQPAQLRQHA
SFQPAQLLQHA
SFQPAQLCQHA
SFQPAQLTQHA
SFQTAQLSKHA
SFQTAQLSAHA
SFQQAQLSKHA
SFQLAQLSKHA
SFQLAQLSRHA
SFQLAQLSAHA
SFQAAQLSKHA
SFQAAQLSAHA
SFQCAQLSKHA
SFQCAQLSAHA
SFQPAQLSKHA
SFQQAQLSQYA
SFQAAQLSQFA
SFQAAQLSQYA
SFQCAQLSQYA
SFQPAQLSQFA
SFQPAQLSQYA
SFQTAQLSQHS
SFQQAQLSQHS
SFQLAQLSQHS
SFQAAQLSQHS
SFQHAQLSQHS
SFQCAQLSQHS
SFQPAQLSQHS
SFQRMRLSQHA
SFQRIRLSQHA
SFQRMQISQHA
SFQRMQQSQHA
SFQRMQVSQHA
SFQRIQISQHA
SFQRIQQSQHA
SFQRIQVSQHA
SFQRMQLKQHA
SFQRMQLRQHA
SFQRMQLLQHA
SFQRMQLCQHA
SFQRMQLTQHA
SFQRIQLKQHA
SFQRIQLRQHA
SFQRIQLLQHA
SFQRIQLCQHA
SFQRIQLTQHA
SFQRMQLSRHA
SFQRMQLSAHA
SFQRIQLSKHA
SFQRMQLSQFA
SFQRMQLSQYA
SFQRIQLSQFA
SFQRIQLSQYA
SFQRMQLSQHS
SFQRIQLSQHS
SFQRARISQHA
SFQRARQSQHA
SFQRARVSQHA
SFQRARLKQHA
SFQRARLRQHA
SFQRARLLQHA
SFQRARLCQHA
SFQRARLTQHA
SFQRARLSKHA
SFQRARLSRHA
SFQRARLSAHA
SFQRARLSQFA
SFQRARLSQYA
SFQRARLSQHS
SFQRAQIKQHA
SFQRAQIRQHA
SFQRAQILQHA
SFQRAQICQHA
SFQRAQITQHA
SFQRAQQKQHA
SFQRAQQRQHA
SFQRAQQLQHA
SFQRAQQCQHA
SFQRAQQTQHA
SFQRAQVKQHA
SFQRAQVRQHA
SFQRAQVLQHA
SFQRAQVCQHA
SFQRAQVTQHA
SFQRAQISKHA
SFQRAQISAHA
SFQRAQQSKHA
SFQRAQQSRHA
SFQRAQVSKHA
SFQRAQVSAHA
SFQRAQISQFA
SFQRAQISQYA
SFQRAQQSQFA
SFQRAQQSQYA
SFQRAQVSQFA
SFQRAQVSQYA
SFQRAQISQHS
SFQRAQQSQHS
SFQRAQVSQHS
SFQRAQLKKHA
SFQRAQLKRHA
SFQRAQLRKHA
SFQRAQLRAHA
SFQRAQLLKHA
SFQRAQLLRHA
SFQRAQLCKHA
SFQRAQLCAHA
SFQRAQLTKHA
SFQRAQLKQFA
SFQRAQLKQYA
SFQRAQLRQFA
SFQRAQLRQYA
SFQRAQLLQFA
SFQRAQLLQYA
SFQRAQLCQFA
SFQRAQLCQYA
SFQRAQLTQFA
SFQRAQLTQYA
SFQRAQLKQHS
SFQRAQLRQHS
SFQRAQLLQHS
SFQRAQLCQHS
SFQRAQLTQHS
SFQRAQLSKFA
SFQRAQLSKYA
SFQRAQLSAFA
SFQRAQLSAYA
SFQRAQLSKHS
SFQRAQLSRHS
SFQRAQLSAHS
SFQRAQLSQFS
SFQRAQLSQYS
WANRAQLSQHA
WAGRAQLSQHA
WQNRAQLSQHA
WQGRAQLSQHA
WWNRAQLSQHA
WWGRAQLSQHA
WAQTAQLSQHA
WAQLAQLSQHA
WAQAAQLSQHA
WAQHAQLSQHA
WAQCAQLSQHA
WAQPAQLSQHA
WQQTAQLSQHA
WQQQAQLSQHA
WQQAAQLSQHA
WQQHAQLSQHA
WQQCAQLSQHA
WWQTAQLSQHA
WWQQAQLSQHA
WWQLAQLSQHA
WWQAAQLSQHA
WWQHAQLSQHA
WWQCAQLSQHA
WAQRMQLSQHA
WAQRIQLSQHA
WQQRMQLSQHA
WWQRMQLSQHA
WWQRIQLSQHA
WAQRARLSQHA
WQQRARLSQHA
WWQRARLSQHA
WAQRAQISQHA
WAQRAQQSQHA
WAQRAQVSQHA
WQQRAQISQHA
WQQRAQQSQHA
WQQRAQVSQHA
WWQRAQISQHA
WWQRAQQSQHA
WWQRAQVSQHA
WAQRAQLKQHA
WAQRAQLRQHA
WAQRAQLLQHA
WAQRAQLCQHA
WAQRAQLTQHA
WQQRAQLKQHA
WQQRAQLRQHA
WQQRAQLLQHA
WQQRAQLCQHA
WQQRAQLTQHA
WWQRAQLKQHA
WWQRAQLLQHA
WWQRAQLCQHA
WAQRAQLSKHA
WAQRAQLSAHA
WQQRAQLSKHA
WWQRAQLSKHA
WAQRAQLSQYA
WQQRAQLSQYA
WWQRAQLSQFA
WWQRAQLSQYA
WAQRAQLSQHS
WQQRAQLSQHS
WWQRAQLSQHS
WFNQAQLSQHA
WFNLAQLSQHA
WFNAAQLSQHA
WFNHAQLSQHA
WFNCAQLSQHA
WFNPAQLSQHA
WFGTAQLSQHA
WFGQAQLSQHA
WFGLAQLSQHA
WFGAAQLSQHA
WFGHAQLSQHA
WFGCAQLSQHA
WFGPAQLSQHA
WFNRMQLSQHA
WFNRIQLSQHA
WFGRMQLSQHA
WFGRIQLSQHA
WFNRARLSQHA
WFGRARLSQHA
WFNRAQISQHA
WFNRAQQSQHA
WFNRAQVSQHA
WFGRAQISQHA
WFGRAQQSQHA
WFGRAQVSQHA
WFNRAQLKQHA
WFNRAQLRQHA
WFNRAQLLQHA
WFNRAQLCQHA
WFNRAQLTQHA
WFGRAQLKQHA
WFGRAQLRQHA
WFGRAQLLQHA
WFGRAQLCQHA
WFGRAQLTQHA
WFNRAQLSKHA
WFNRAQLSRHA
WFNRAQLSAHA
WFGRAQLSKHA
WFGRAQLSRHA
WFNRAQLSQFA
WFNRAQLSQYA
WFGRAQLSQFA
WFGRAQLSQYA
WFNRAQLSQHS
WFGRAQLSQHS
WFQTMQLSQHA
WFQTIQLSQHA
WFQQMQLSQHA
WFQQIQLSQHA
WFQLMQLSQHA
WFQLIQLSQHA
WFQAMQLSQHA
WFQAIQLSQHA
WFQHMQLSQHA
WFQCMQLSQHA
WFQCIQLSQHA
WFQPMQLSQHA
WFQPIQLSQHA
WFQTARLSQHA
WFQQARLSQHA
WFQLARLSQHA
WFQAARLSQHA
WFQHARLSQHA
WFQCARLSQHA
WFQPARLSQHA
WFQTAQISQHA
WFQTAQQSQHA
WFQTAQVSQHA
WFQQAQISQHA
WFQQAQQSQHA
WFQQAQVSQHA
WFQLAQISQHA
WFQLAQQSQHA
WFQLAQVSQHA
WFQAAQISQHA
WFQAAQQSQHA
WFQAAQVSQHA
WFQHAQISQHA
WFQHAQQSQHA
WFQHAQVSQHA
WFQCAQISQHA
WFQCAQQSQHA
WFQCAQVSQHA
WFQPAQISQHA
WFQPAQQSQHA
WFQPAQVSQHA
WFQTAQLKQHA
WFQTAQLLQHA
WFQTAQLCQHA
WFQTAQLTQHA
WFQQAQLKQHA
WFQQAQLRQHA
WFQQAQLLQHA
WFQQAQLCQHA
WFQQAQLTQHA
WFQLAQLKQHA
WFQLAQLRQHA
WFQLAQLLQHA
WFQLAQLCQHA
WFQLAQLTQHA
WFQAAQLKQHA
WFQAAQLRQHA
WFQAAQLLQHA
WFQAAQLCQHA
WFQAAQLTQHA
WFQHAQLKQHA
WFQHAQLRQHA
WFQHAQLLQHA
WFQHAQLCQHA
WFQHAQLTQHA
WFQCAQLKQHA
WFQCAQLRQHA
WFQCAQLLQHA
WFQCAQLCQHA
WFQCAQLTQHA
WFQPAQLKQHA
WFQPAQLRQHA
WFQPAQLLQHA
WFQPAQLCQHA
WFQPAQLTQHA
WFQTAQLSKHA
WFQTAQLSRHA
WFQTAQLSAHA
WFQQAQLSKHA
WFQQAQLSRHA
WFQQAQLSAHA
WFQLAQLSKHA
WFQLAQLSRHA
WFQAAQLSKHA
WFQHAQLSKHA
WFQHAQLSRHA
WFQHAQLSAHA
WFQCAQLSKHA
WFQCAQLSRHA
WFQCAQLSAHA
WFQPAQLSKHA
WFQPAQLSRHA
WFQTAQLSQFA
WFQTAQLSQYA
WFQQAQLSQFA
WFQQAQLSQYA
WFQLAQLSQFA
WFQLAQLSQYA
WFQAAQLSQFA
WFQAAQLSQYA
WFQHAQLSQFA
WFQHAQLSQYA
WFQCAQLSQFA
WFQCAQLSQYA
WFQPAQLSQFA
WFQPAQLSQYA
WFQTAQLSQHS
WFQQAQLSQHS
WFQLAQLSQHS
WFQAAQLSQHS
WFQHAQLSQHS
WFQCAQLSQHS
WFQPAQLSQHS
WFQRMRLSQHA
WFQRIRLSQHA
WFQRMQISQHA
WFQRMQQSQHA
WFQRMQVSQHA
WFQRIQISQHA
WFQRIQQSQHA
WFQRIQVSQHA
WFQRMQLKQHA
WFQRMQLRQHA
WFQRMQLLQHA
WFQRMQLCQHA
WFQRMQLTQHA
WFQRIQLKQHA
WFQRIQLRQHA
WFQRIQLLQHA
WFQRIQLCQHA
WFQRIQLTQHA
WFQRMQLSKHA
WFQRMQLSRHA
WFQRMQLSAHA
WFQRIQLSKHA
WFQRMQLSQFA
WFQRMQLSQYA
WFQRIQLSQFA
WFQRIQLSQYA
WFQRMQLSQHS
WFQRIQLSQHS
WFQRARISQHA
WFQRARQSQHA
WFQRARVSQHA
WFQRARLKQHA
WFQRARLRQHA
WFQRARLLQHA
WFQRARLCQHA
WFQRARLTQHA
WFQRARLSKHA
WFQRARLSRHA
WFQRARLSAHA
WFQRARLSQFA
WFQRARLSQYA
WFQRARLSQHS
WFQRAQIKQHA
WFQRAQIRQHA
WFQRAQILQHA
WFQRAQITQHA
WFQRAQQKQHA
WFQRAQQRQHA
WFQRAQQLQHA
WFQRAQQCQHA
WFQRAQQTQHA
WFQRAQVKQHA
WFQRAQVRQHA
WFQRAQVLQHA
WFQRAQVCQHA
WFQRAQVTQHA
WFQRAQISKHA
WFQRAQISRHA
WFQRAQQSKHA
WFQRAQQSRHA
WFQRAQQSAHA
WFQRAQVSKHA
WFQRAQVSRHA
WFQRAQVSAHA
WFQRAQISQFA
WFQRAQISQYA
WFQRAQQSQFA
WFQRAQQSQYA
WFQRAQVSQFA
WFQRAQVSQYA
WFQRAQISQHS
WFQRAQQSQHS
WFQRAQVSQHS
WFQRAQLKKHA
WFQRAQLRKHA
WFQRAQLRAHA
WFQRAQLLKHA
WFQRAQLLAHA
WFQRAQLCKHA
WFQRAQLCRHA
WFQRAQLCAHA
WFQRAQLTKHA
WFQRAQLTRHA
WFQRAQLTAHA
WFQRAQLKQFA
WFQRAQLKQYA
WFQRAQLRQFA
WFQRAQLRQYA
WFQRAQLLQFA
WFQRAQLLQYA
WFQRAQLCQFA
WFQRAQLCQYA
WFQRAQLTQFA
WFQRAQLTQYA
WFQRAQLKQHS
WFQRAQLRQHS
WFQRAQLLQHS
WFQRAQLCQHS
WFQRAQLTQHS
WFQRAQLSKFA
WFQRAQLSKYA
WFQRAQLSRFA
WFQRAQLSRYA
WFQRAQLSAFA
WFQRAQLSAYA
WFQRAQLSKHS
WFQRAQLSRHS
WFQRAQLSAHS
WFQRAQLSQFS
WFQRAQLSQYS
SANTAQLSQHA
SANLAQLSQHA
SANAAQLSQHA
SANHAQLSQHA
SANCAQLSQHA
SANPAQLSQHA
SAGTAQLSQHA
SAGQAQLSQHA
SAGLAQLSQHA
SAGAAQLSQHA
SAGHAQLSQHA
SAGCAQLSQHA
SAGPAQLSQHA
SQNTAQLSQHA
SQNQAQLSQHA
SQNLAQLSQHA
SQNAAQLSQHA
SQNCAQLSQHA
SQNPAQLSQHA
SQGTAQLSQHA
SQGQAQLSQHA
SQGLAQLSQHA
SQGAAQLSQHA
SQGHAQLSQHA
SQGCAQLSQHA
SQGPAQLSQHA
SWNTAQLSQHA
SWNQAQLSQHA
SWNLAQLSQHA
SWNAAQLSQHA
SWNHAQLSQHA
SWNCAQLSQHA
SWNPAQLSQHA
SWGTAQLSQHA
SWGQAQLSQHA
SWGAAQLSQHA
SWGHAQLSQHA
SWGCAQLSQHA
SWGPAQLSQHA
SANRMQLSQHA
SANRIQLSQHA
SAGRMQLSQHA
SAGRIQLSQHA
SQNRMQLSQHA
SQNRIQLSQHA
SQGRMQLSQHA
SQGRIQLSQHA
SWNRMQLSQHA
SWNRIQLSQHA
SWGRMQLSQHA
SWGRIQLSQHA
SANRARLSQHA
SAGRARLSQHA
SQNRARLSQHA
SQGRARLSQHA
SANRAQISQHA
SANRAQQSQHA
SAGRAQISQHA
SAGRAQQSQHA
SAGRAQVSQHA
SQNRAQISQHA
SQNRAQQSQHA
SQNRAQVSQHA
SQGRAQISQHA
SQGRAQQSQHA
SQGRAQVSQHA
SWNRAQISQHA
SWNRAQQSQHA
SWNRAQVSQHA
SWGRAQISQHA
SWGRAQQSQHA
SWGRAQVSQHA
SANRAQLKQHA
SANRAQLRQHA
SANRAQLLQHA
SANRAQLCQHA
SANRAQLTQHA
SAGRAQLKQHA
SAGRAQLRQHA
SAGRAQLLQHA
SAGRAQLCQHA
SAGRAQLTQHA
SQNRAQLKQHA
SQNRAQLRQHA
SQNRAQLLQHA
SQNRAQLCQHA
SQNRAQLTQHA
SQGRAQLKQHA
SQGRAQLRQHA
SQGRAQLLQHA
SQGRAQLCQHA
SQGRAQLTQHA
SWNRAQLKQHA
SWNRAQLCQHA
SWNRAQLTQHA
SWGRAQLRQHA
SWGRAQLCQHA
SWGRAQLTQHA
SANRAQLSRHA
SANRAQLSAHA
SAGRAQLSRHA
SQNRAQLSKHA
SQNRAQLSRHA
SQNRAQLSAHA
SQGRAQLSKHA
SWNRAQLSKHA
SWNRAQLSAHA
SWGRAQLSKHA
SWGRAQLSAHA
SANRAQLSQFA
SANRAQLSQYA
SAGRAQLSQFA
SAGRAQLSQYA
SQNRAQLSQFA
SQNRAQLSQYA
SQGRAQLSQFA
SQGRAQLSQYA
SWNRAQLSQYA
SWGRAQLSQFA
SANRAQLSQHS
SAGRAQLSQHS
SQNRAQLSQHS
SQGRAQLSQHS
SAQTMQLSQHA
SAQTIQLSQHA
SAQQMQLSQHA
SAQLMQLSQHA
SAQLIQLSQHA
SAQHIQLSQHA
SAQCMQLSQHA
SAQPMQLSQHA
SAQPIQLSQHA
SQQTMQLSQHA
SQQTIQLSQHA
SQQQMQLSQHA
SQQQIQLSQHA
SQQLIQLSQHA
SQQAMQLSQHA
SQQAIQLSQHA
SQQHMQLSQHA
SQQHIQLSQHA
SQQCMQLSQHA
SQQCIQLSQHA
SQQPMQLSQHA
SQQPIQLSQHA
SWQTMQLSQHA
SWQTIQLSQHA
SWQQMQLSQHA
SWQQIQLSQHA
SWQLMQLSQHA
SWQLIQLSQHA
SWQAMQLSQHA
SWQAIQLSQHA
SWQHMQLSQHA
SWQHIQLSQHA
SWQCMQLSQHA
SWQCIQLSQHA
SWQPIQLSQHA
SAQTARLSQHA
SAQQARLSQHA
SAQLARLSQHA
SAQAARLSQHA
SAQHARLSQHA
SAQCARLSQHA
SAQPARLSQHA
SQQTARLSQHA
SQQQARLSQHA
SQQLARLSQHA
SQQAARLSQHA
SQQHARLSQHA
SQQCARLSQHA
SQQPARLSQHA
SWQTARLSQHA
SWQAARLSQHA
SWQHARLSQHA
SAQTAQISQHA
SAQTAQQSQHA
SAQQAQISQHA
SAQQAQVSQHA
SAQLAQVSQHA
SAQAAQVSQHA
SAQHAQISQHA
SAQCAQISQHA
SAQCAQQSQHA
SAQPAQISQHA
SAQPAQQSQHA
SAQPAQVSQHA
SQQTAQQSQHA
SQQTAQVSQHA
SQQQAQISQHA
SQQQAQQSQHA
SQQQAQVSQHA
SQQLAQQSQHA
SQQLAQVSQHA
SQQAAQISQHA
SQQAAQQSQHA
SQQHAQISQHA
SQQHAQVSQHA
SQQCAQQSQHA
SQQPAQISQHA
SQQPAQVSQHA
SWQTAQISQHA
SWQTAQVSQHA
SWQQAQQSQHA
SWQLAQQSQHA
SWQLAQVSQHA
SWQAAQISQHA
SWQAAQQSQHA
SWQAAQVSQHA
SWQHAQQSQHA
SWQHAQVSQHA
SWQCAQQSQHA
SWQPAQISQHA
SWQPAQQSQHA
SWQPAQVSQHA
SAQTAQLKQHA
SAQTAQLRQHA
SAQTAQLLQHA
SAQTAQLCQHA
SAQTAQLTQHA
SAQQAQLKQHA
SAQQAQLRQHA
SAQQAQLLQHA
SAQQAQLCQHA
SAQQAQLTQHA
SAQLAQLKQHA
SAQLAQLRQHA
SAQLAQLLQHA
SAQLAQLCQHA
SAQLAQLTQHA
SAQAAQLKQHA
SAQAAQLRQHA
SAQAAQLLQHA
SAQAAQLCQHA
SAQAAQLTQHA
SAQHAQLKQHA
SAQHAQLLQHA
SAQHAQLCQHA
SAQHAQLTQHA
SAQCAQLKQHA
SAQCAQLRQHA
SAQCAQLLQHA
SAQCAQLCQHA
SAQCAQLTQHA
SAQPAQLKQHA
SAQPAQLRQHA
SAQPAQLLQHA
SAQPAQLCQHA
SAQPAQLTQHA
SQQTAQLLQHA
SQQTAQLCQHA
SQQTAQLTQHA
SQQQAQLKQHA
SQQQAQLRQHA
SQQQAQLLQHA
SQQQAQLCQHA
SQQQAQLTQHA
SQQLAQLKQHA
SQQLAQLRQHA
SQQLAQLLQHA
SQQLAQLCQHA
SQQLAQLTQHA
SQQAAQLKQHA
SQQAAQLRQHA
SQQAAQLLQHA
SQQAAQLCQHA
SQQAAQLTQHA
SQQHAQLKQHA
SQQHAQLRQHA
SQQHAQLLQHA
SQQHAQLCQHA
SQQHAQLTQHA
SQQCAQLKQHA
SQQCAQLRQHA
SQQCAQLLQHA
SQQCAQLCQHA
SQQCAQLTQHA
SQQPAQLKQHA
SQQPAQLRQHA
SQQPAQLLQHA
SQQPAQLCQHA
SQQPAQLTQHA
SWQTAQLKQHA
SWQTAQLRQHA
SWQTAQLLQHA
SWQTAQLTQHA
SWQQAQLRQHA
SWQQAQLLQHA
SWQQAQLCQHA
SWQQAQLTQHA
SWQLAQLKQHA
SWQLAQLRQHA
SWQLAQLLQHA
SWQLAQLCQHA
SWQLAQLTQHA
SWQAAQLKQHA
SWQAAQLLQHA
SWQAAQLCQHA
SWQAAQLTQHA
SWQHAQLKQHA
SWQHAQLRQHA
SWQHAQLLQHA
SWQHAQLCQHA
SWQCAQLKQHA
SWQCAQLRQHA
SWQCAQLTQHA
SWQPAQLKQHA
SWQPAQLRQHA
SWQPAQLCQHA
SAQTAQLSKHA
SAQQAQLSKHA
SAQQAQLSAHA
SAQLAQLSKHA
SAQLAQLSRHA
SAQAAQLSKHA
SAQAAQLSRHA
SAQPAQLSKHA
SQQTAQLSKHA
SQQQAQLSKHA
SQQQAQLSAHA
SQQLAQLSKHA
SQQAAQLSKHA
SQQAAQLSRHA
SQQAAQLSAHA
SQQHAQLSKHA
SQQHAQLSRHA
SQQHAQLSAHA
SQQCAQLSKHA
SQQCAQLSAHA
SAQAAQLSQYA
SAQHAQLSQFA
SAQCAQLSQFA
SAQPAQLSQYA
SQQTAQLSQFA
SQQTAQLSQYA
SQQQAQLSQFA
SQQQAQLSQYA
SQQLAQLSQYA
SQQHAQLSQYA
SQQCAQLSQYA
SQQPAQLSQYA
SWQTAQLSQFA
SWQTAQLSQYA
SWQLAQLSQFA
SWQAAQLSQFA
SWQAAQLSQYA
SWQHAQLSQFA
SWQHAQLSQYA
SWQCAQLSQYA
SWQPAQLSQFA
SWQPAQLSQYA
SAQTAQLSQHS
SAQLAQLSQHS
SAQAAQLSQHS
SAQCAQLSQHS
SAQPAQLSQHS
SQQTAQLSQHS
SQQQAQLSQHS
SQQAAQLSQHS
SQQRIRLSQHA
SWQRMRLSQHA
SWQRIRLSQHA
SAQRMQISQHA
SAQRMQQSQHA
SAQRMQVSQHA
SAQRIQQSQHA
SAQRIQVSQHA
SQQRMQISQHA
SQQRIQQSQHA
SWQRMQISQHA
SWQRMQQSQHA
SWQRIQISQHA
SWQRIQVSQHA
SAQRMQLRQHA
SAQRMQLLQHA
SAQRIQLLQHA
SAQRIQLTQHA
SQQRMQLRQHA
SQQRIQLRQHA
SQQRIQLLQHA
SWQRMQLKQHA
SWQRMQLRQHA
SWQRMQLLQHA
SWQRMQLCQHA
SWQRMQLTQHA
SWQRIQLLQHA
SWQRIQLCQHA
SAQRMQLSKHA
SAQRMQLSAHA
SAQRIQLSKHA
SAQRIQLSRHA
SQQRMQLSKHA
SQQRMQLSRHA
SQQRMQLSAHA
SQQRIQLSRHA
SWQRMQLSKHA
SWQRIQLSAHA
SAQRMQLSQFA
SAQRMQLSQYA
SAQRIQLSQYA
SQQRMQLSQFA
SQQRMQLSQYA
SWQRMQLSQFA
SWQRIQLSQYA
SAQRMQLSQHS
SAQRIQLSQHS
SQQRMQLSQHS
SQQRARQSQHA
SWQRARISQHA
SWQRARQSQHA
SWQRARVSQHA
SAQRARLLQHA
SQQRARLKQHA
SQQRARLRQHA
SWQRARLRQHA
SWQRARLLQHA
SWQRARLCQHA
SWQRARLTQHA
SAQRARLSRHA
SQQRARLSAHA
SWQRARLSKHA
SQQRARLSQFA
SQQRARLSQYA
SWQRARLSQYA
SQQRAQVLQHA
SWQRAQICQHA
SWQRAQVSRHA
SAQRAQLKRHA
SAQRAQLRAHA
SAQRAQLLKHA
SAQRAQLTAHA
SQQRAQLKKHA
SQQRAQLKRHA
SQQRAQLKAHA
SQQRAQLRKHA
SQQRAQLRAHA
SQQRAQLCRHA
SQQRAQLCAHA
SQQRAQLTKHA
SQQRAQLTRHA
SQQRAQLTAHA
SWQRAQLKKHA
SWQRAQLKAHA
SWQRAQLRRHA
SWQRAQLLRHA
SWQRAQLLAHA
SWQRAQLTKHA
SWQRAQLTAHA
SAQRAQLTQYA
SQQRAQLKQFA
SQQRAQLKQYA
SQQRAQLRQFA
SQQRAQLRQYA
SQQRAQLLQYA
SQQRAQLCQFA
SQQRAQLTQFA
SQQRAQLTQYA
SWQRAQLLQYA
SWQRAQLCQFA
SAQRAQLRQHS
SAQRAQLLQHS
SAQRAQLCQHS
SQQRAQLRQHS
SQQRAQLCQHS
SWQRAQLLQHS
SWQRAQLCQHS
SAQRAQLSRFA
SAQRAQLSRYA
SQQRAQLSKYA
SQQRAQLSRFA
SQQRAQLSRYA
SQQRAQLSAFA
SQQRAQLSAYA
SWQRAQLSKYA
SWQRAQLSRFA
SWQRAQLSRYA
SWQRAQLSAFA
SAQRAQLSKHS
SAQRAQLSRHS
SAQRAQLSAHS
SQQRAQLSKHS
SQQRAQLSAHS
SWQRAQLSRHS
SWQRAQLSAHS
SFNTMQLSQHA
SFNTIQLSQHA
SFNQMQLSQHA
SFNLMQLSQHA
SFNAMQLSQHA
SFNAIQLSQHA
SFNHMQLSQHA
SFNHIQLSQHA
SFNCMQLSQHA
SFNCIQLSQHA
SFNPMQLSQHA
SFNPIQLSQHA
SFGTIQLSQHA
SFGLMQLSQHA
SFGLIQLSQHA
SFGAMQLSQHA
SFGAIQLSQHA
SFGHMQLSQHA
SFGHIQLSQHA
SFGCMQLSQHA
SFGCIQLSQHA
SFGPIQLSQHA
SFNTARLSQHA
SFNQARLSQHA
SFNLARLSQHA
SFNAARLSQHA
SFNHARLSQHA
SFNPARLSQHA
SFGTARLSQHA
SFGQARLSQHA
SFGLARLSQHA
SFGHARLSQHA
SFGCARLSQHA
SFGPARLSQHA
SFNTAQISQHA
SFNTAQQSQHA
SFNTAQVSQHA
SFNQAQISQHA
SFNQAQQSQHA
SFNQAQVSQHA
SFNLAQISQHA
SFNLAQQSQHA
SFNLAQVSQHA
SFNAAQISQHA
SFNAAQQSQHA
SFNAAQVSQHA
SFNHAQISQHA
SFNHAQQSQHA
SFNHAQVSQHA
SFNCAQISQHA
SFNCAQQSQHA
SFNCAQVSQHA
SFNPAQISQHA
SFNPAQQSQHA
SFNPAQVSQHA
SFGTAQISQHA
SFGTAQQSQHA
SFGTAQVSQHA
SFGQAQISQHA
SFGQAQQSQHA
SFGQAQVSQHA
SFGLAQISQHA
SFGLAQQSQHA
SFGLAQVSQHA
SFGAAQISQHA
SFGAAQQSQHA
SFGAAQVSQHA
SFGHAQISQHA
SFGHAQQSQHA
SFGHAQVSQHA
SFGCAQISQHA
SFGCAQQSQHA
SFGCAQVSQHA
SFGPAQISQHA
SFGPAQQSQHA
SFGPAQVSQHA
SFNTAQLKQHA
SFNTAQLLQHA
SFNTAQLCQHA
SFNTAQLTQHA
SFNQAQLKQHA
SFNQAQLRQHA
SFNQAQLCQHA
SFNQAQLTQHA
SFNLAQLKQHA
SFNLAQLRQHA
SFNLAQLLQHA
SFNLAQLCQHA
SFNAAQLKQHA
SFNAAQLLQHA
SFNAAQLCQHA
SFNAAQLTQHA
SFNHAQLKQHA
SFNHAQLRQHA
SFNHAQLLQHA
SFNHAQLCQHA
SFNHAQLTQHA
SFNCAQLKQHA
SFNCAQLRQHA
SFNCAQLLQHA
SFNCAQLCQHA
SFNCAQLTQHA
SFNPAQLKQHA
SFNPAQLRQHA
SFNPAQLLQHA
SFNPAQLCQHA
SFNPAQLTQHA
SFGTAQLKQHA
SFGTAQLRQHA
SFGTAQLLQHA
SFGTAQLTQHA
SFGQAQLKQHA
SFGQAQLRQHA
SFGQAQLLQHA
SFGQAQLCQHA
SFGQAQLTQHA
SFGLAQLRQHA
SFGLAQLLQHA
SFGLAQLTQHA
SFGAAQLKQHA
SFGAAQLLQHA
SFGHAQLKQHA
SFGHAQLRQHA
SFGHAQLTQHA
SFGCAQLKQHA
SFGCAQLCQHA
SFGPAQLRQHA
SFGPAQLLQHA
SFGPAQLTQHA
SFNTAQLSKHA
SFNTAQLSRHA
SFNQAQLSKHA
SFNLAQLSKHA
SFNAAQLSAHA
SFNHAQLSKHA
SFNHAQLSRHA
SFNHAQLSAHA
SFNCAQLSAHA
SFNPAQLSAHA
SFGTAQLSAHA
SFGQAQLSKHA
SFGQAQLSAHA
SFGLAQLSKHA
SFGLAQLSRHA
SFGAAQLSKHA
SFGCAQLSKHA
SFGCAQLSAHA
SFGPAQLSKHA
SFGPAQLSRHA
SFNQAQLSQFA
SFNLAQLSQYA
SFNPAQLSQYA
SFGTAQLSQFA
SFGLAQLSQFA
SFGAAQLSQYA
SFGHAQLSQYA
SFGCAQLSQFA
SFGCAQLSQYA
SFNTAQLSQHS
SFNPAQLSQHS
SFGHAQLSQHS
SFGCAQLSQHS
SFGRMRLSQHA
SFGRIRLSQHA
SFNRMQISQHA
SFNRMQQSQHA
SFNRIQISQHA
SFNRIQQSQHA
SFNRIQVSQHA
SFGRMQISQHA
SFGRMQQSQHA
SFGRIQISQHA
SFGRIQQSQHA
SFNRIQLKQHA
SFNRIQLLQHA
SFNRIQLCQHA
SFNRIQLTQHA
SFGRMQLKQHA
SFGRMQLRQHA
SFGRMQLLQHA
SFGRMQLCQHA
SFGRMQLTQHA
SFGRIQLRQHA
SFGRIQLLQHA
SFGRIQLCQHA
SFGRIQLTQHA
SFNRMQLSKHA
SFNRMQLSRHA
SFNRIQLSKHA
SFGRMQLSKHA
SFGRIQLSRHA
SFNRIQLSQFA
SFGRMQLSQFA
SFGRMQLSQYA
SFGRIQLSQFA
SFGRIQLSQYA
SFNRMQLSQHS
SFGRIQLSQHS
SFNRARISQHA
SFNRARQSQHA
SFNRARVSQHA
SFGRARISQHA
SFGRARQSQHA
SFGRARVSQHA
SFNRARLKQHA
SFNRARLRQHA
SFNRARLLQHA
SFNRARLCQHA
SFNRARLTQHA
SFGRARLKQHA
SFGRARLSRHA
SFNRARLSQYA
SFNRARLSQHS
SFGRARLSQHS
SFNRAQICQHA
SFNRAQQKQHA
SFNRAQQLQHA
SFNRAQQTQHA
SFNRAQVLQHA
SFNRAQVTQHA
SFGRAQIKQHA
SFGRAQILQHA
SFGRAQICQHA
SFGRAQITQHA
SFGRAQQRQHA
SFGRAQQCQHA
SFGRAQVKQHA
SFGRAQVRQHA
SFGRAQVLQHA
SFGRAQVCQHA
SFGRAQVTQHA
SFNRAQISKHA
SFNRAQISRHA
SFNRAQVSAHA
SFGRAQISKHA
SFGRAQISAHA
SFGRAQQSKHA
SFGRAQVSRHA
SFNRAQISQYA
SFNRAQQSQFA
SFNRAQQSQYA
SFNRAQVSQFA
SFGRAQISQFA
SFGRAQQSQYA
SFGRAQVSQFA
SFNRAQQSQHS
SFNRAQLKKHA
SFNRAQLKRHA
SFNRAQLKAHA
SFNRAQLRKHA
SFGRAQLRAHA
SFGRAQLLAHA
SFGRAQLCKHA
SFGRAQLTKHA
SFNRAQLKQFA
SFNRAQLKQYA
SFNRAQLRQFA
SFNRAQLLQFA
SFNRAQLCQFA
SFNRAQLTQFA
SFGRAQLRQYA
SFGRAQLCQFA
SFNRAQLKQHS
SFNRAQLLQHS
SFNRAQLCQHS
SFNRAQLTQHS
SFGRAQLKQHS
SFGRAQLCQHS
SFGRAQLTQHS
SFNRAQLSRFA
SFGRAQLSKYA
SFGRAQLSAHS
SFQTMRLSQHA
SFQTIRLSQHA
SFQQMRLSQHA
SFQQIRLSQHA
SFQLMRLSQHA
SFQLIRLSQHA
SFQAIRLSQHA
SFQHMRLSQHA
SFQCIRLSQHA
SFQPIRLSQHA
SFQTIQVSQHA
SFQQMQVSQHA
SFQQIQISQHA
SFQQIQVSQHA
SFQHMQVSQHA
SFQCIQQSQHA
SFQCIQVSQHA
SFQPMQISQHA
SFQPMQVSQHA
SFQTIQLKQHA
SFQQMQLCQHA
SFQQMQLTQHA
SFQLIQLRQHA
SFQLIQLLQHA
SFQLIQLCQHA
SFQAMQLRQHA
SFQAMQLLQHA
SFQAIQLKQHA
SFQAIQLLQHA
SFQAIQLCQHA
SFQAIQLTQHA
SFQHMQLKQHA
SFQHMQLRQHA
SFQHMQLLQHA
SFQHIQLKQHA
SFQHIQLRQHA
SFQHIQLLQHA
SFQHIQLTQHA
SFQCMQLKQHA
SFQCMQLCQHA
SFQCMQLTQHA
SFQCIQLLQHA
SFQCIQLCQHA
SFQPMQLLQHA
SFQPIQLCQHA
SFQTIQLSKHA
SFQAIQLSKHA
SFQHMQLSRHA
SFQHMQLSAHA
SFQPMQLSRHA
SFQTIQLSQYA
SFQQIQLSQFA
SFQHMQLSQFA
SFQPMQLSQYA
SFQLIQLSQHS
SFQAMQLSQHS
SFQTARISQHA
SFQQARISQHA
SFQQARQSQHA
SFQQARVSQHA
SFQLARISQHA
SFQLARQSQHA
SFQLARVSQHA
SFQHARISQHA
SFQHARVSQHA
SFQCARISQHA
SFQPARISQHA
SFQPARQSQHA
SFQTARLKQHA
SFQTARLRQHA
SFQTARLLQHA
SFQTARLCQHA
SFQTARLTQHA
SFQQARLRQHA
SFQQARLCQHA
SFQLARLKQHA
SFQLARLCQHA
SFQLARLTQHA
SFQAARLRQHA
SFQAARLLQHA
SFQAARLCQHA
SFQHARLKQHA
SFQHARLRQHA
SFQHARLLQHA
SFQHARLCQHA
SFQHARLTQHA
SFQCARLKQHA
SFQCARLRQHA
SFQCARLCQHA
SFQCARLTQHA
SFQPARLKQHA
SFQPARLRQHA
SFQPARLLQHA
SFQPARLCQHA
SFQPARLTQHA
SFQTARLSKHA
SFQHARLSKHA
SFQTAQIRQHA
SFQTAQQCQHA
SFQTAQQTQHA
SFQTAQVKQHA
SFQTAQVRQHA
SFQQAQIRQHA
SFQQAQILQHA
SFQQAQICQHA
SFQQAQQRQHA
SFQQAQQLQHA
SFQQAQQTQHA
SFQQAQVKQHA
SFQQAQVRQHA
SFQQAQVLQHA
SFQQAQVCQHA
SFQQAQVTQHA
SFQLAQIRQHA
SFQLAQILQHA
SFQLAQICQHA
SFQLAQITQHA
SFQLAQQKQHA
SFQLAQQRQHA
SFQLAQQLQHA
SFQLAQQCQHA
SFQLAQVKQHA
SFQLAQVRQHA
SFQLAQVLQHA
SFQLAQVCQHA
SFQLAQVTQHA
SFQAAQIKQHA
SFQAAQIRQHA
SFQAAQILQHA
SFQAAQICQHA
SFQAAQITQHA
SFQAAQQKQHA
SFQAAQQRQHA
SFQAAQQLQHA
SFQAAQQCQHA
SFQAAQQTQHA
SFQAAQVKQHA
SFQHAQITQHA
SFQHAQQTQHA
SFQHAQVKQHA
SFQHAQVRQHA
SFQHAQVTQHA
SFQCAQIRQHA
SFQCAQILQHA
SFQCAQICQHA
SFQCAQQKQHA
SFQCAQQRQHA
SFQCAQQLQHA
SFQCAQQCQHA
SFQCAQVCQHA
SFQPAQICQHA
SFQPAQITQHA
SFQPAQQKQHA
SFQPAQVTQHA
SFQTAQISKHA
SFQTAQISRHA
SFQTAQISAHA
SFQTAQVSKHA
SFQTAQVSRHA
SFQTAQVSAHA
SFQQAQISRHA
SFQQAQISAHA
SFQQAQQSKHA
SFQQAQQSRHA
SFQQAQVSKHA
SFQQAQVSRHA
SFQQAQVSAHA
SFQLAQISKHA
SFQLAQISRHA
SFQLAQISAHA
SFQLAQQSKHA
SFQLAQQSRHA
SFQLAQQSAHA
SFQLAQVSKHA
SFQLAQVSRHA
SFQLAQVSAHA
SFQAAQISKHA
SFQAAQISAHA
SFQAAQQSKHA
SFQAAQQSRHA
SFQAAQQSAHA
SFQAAQVSKHA
SFQAAQVSRHA
SFQAAQVSAHA
SFQHAQISKHA
SFQHAQISRHA
SFQHAQISAHA
SFQHAQQSKHA
SFQHAQQSRHA
SFQCAQISAHA
SFQCAQQSKHA
SFQCAQQSAHA
SFQCAQVSKHA
SFQCAQVSRHA
SFQCAQVSAHA
SFQPAQISKHA
SFQPAQISRHA
SFQPAQISAHA
SFQPAQQSKHA
SFQPAQQSRHA
SFQPAQQSAHA
SFQPAQVSKHA
SFQPAQVSRHA
SFQPAQVSAHA
SFQTAQISQFA
SFQTAQISQYA
SFQTAQQSQFA
SFQTAQVSQFA
SFQTAQVSQYA
SFQQAQISQFA
SFQQAQISQYA
SFQQAQQSQYA
SFQQAQVSQFA
SFQLAQISQFA
SFQLAQISQYA
SFQLAQQSQFA
SFQLAQQSQYA
SFQLAQVSQFA
SFQLAQVSQYA
SFQAAQISQFA
SFQAAQISQYA
SFQAAQQSQFA
SFQAAQQSQYA
SFQAAQVSQFA
SFQAAQVSQYA
SFQHAQISQFA
SFQHAQISQYA
SFQHAQQSQYA
SFQHAQVSQFA
SFQHAQVSQYA
SFQCAQISQFA
SFQCAQISQYA
SFQCAQQSQYA
SFQCAQVSQFA
SFQCAQVSQYA
SFQPAQISQFA
SFQPAQISQYA
SFQPAQQSQFA
SFQPAQQSQYA
SFQPAQVSQFA
SFQPAQVSQYA
SFQTAQISQHS
SFQTAQQSQHS
SFQTAQVSQHS
SFQQAQISQHS
SFQQAQQSQHS
SFQQAQVSQHS
SFQLAQISQHS
SFQLAQVSQHS
SFQAAQISQHS
SFQHAQISQHS
SFQHAQQSQHS
SFQHAQVSQHS
SFQCAQISQHS
SFQCAQQSQHS
SFQCAQVSQHS
SFQPAQISQHS
SFQPAQQSQHS
SFQPAQVSQHS
SFQTAQLKKHA
SFQTAQLKRHA
SFQTAQLKAHA
SFQTAQLRKHA
SFQTAQLRRHA
SFQTAQLRAHA
SFQTAQLLKHA
SFQTAQLLRHA
SFQTAQLCKHA
SFQTAQLCRHA
SFQTAQLCAHA
SFQTAQLTKHA
SFQTAQLTRHA
SFQTAQLTAHA
SFQQAQLKKHA
SFQQAQLKRHA
SFQQAQLKAHA
SFQQAQLRKHA
SFQQAQLRRHA
SFQQAQLRAHA
SFQQAQLLRHA
SFQQAQLLAHA
SFQQAQLCKHA
SFQQAQLCRHA
SFQQAQLTRHA
SFQQAQLTAHA
SFQLAQLKKHA
SFQLAQLKRHA
SFQLAQLKAHA
SFQLAQLRKHA
SFQLAQLRRHA
SFQLAQLRAHA
SFQLAQLLKHA
SFQLAQLLRHA
SFQLAQLLAHA
SFQLAQLCKHA
SFQLAQLCRHA
SFQLAQLCAHA
SFQLAQLTRHA
SFQLAQLTAHA
SFQAAQLKKHA
SFQAAQLKRHA
SFQAAQLKAHA
SFQAAQLRRHA
SFQAAQLRAHA
SFQAAQLLKHA
SFQAAQLLRHA
SFQAAQLLAHA
SFQAAQLCKHA
SFQAAQLCRHA
SFQAAQLCAHA
SFQAAQLTKHA
SFQAAQLTRHA
SFQAAQLTAHA
SFQHAQLKKHA
SFQHAQLKRHA
SFQHAQLKAHA
SFQHAQLRKHA
SFQHAQLRRHA
SFQHAQLRAHA
SFQHAQLLKHA
SFQHAQLLRHA
SFQHAQLLAHA
SFQHAQLCRHA
SFQHAQLTRHA
SFQHAQLTAHA
SFQCAQLKRHA
SFQCAQLKAHA
SFQCAQLRKHA
SFQCAQLRRHA
SFQCAQLRAHA
SFQCAQLLRHA
SFQCAQLLAHA
SFQCAQLCKHA
SFQCAQLCRHA
SFQCAQLCAHA
SFQCAQLTRHA
SFQCAQLTAHA
SFQPAQLKKHA
SFQPAQLKRHA
SFQPAQLKAHA
SFQPAQLRKHA
SFQPAQLRRHA
SFQPAQLRAHA
SFQPAQLLKHA
SFQPAQLLRHA
SFQPAQLLAHA
SFQPAQLCKHA
SFQPAQLCRHA
SFQPAQLCAHA
SFQPAQLTKHA
SFQPAQLTRHA
SFQPAQLTAHA
SFQTAQLKQFA
SFQTAQLRQFA
SFQTAQLRQYA
SFQTAQLLQFA
SFQTAQLLQYA
SFQTAQLCQFA
SFQTAQLCQYA
SFQTAQLTQFA
SFQTAQLTQYA
SFQQAQLKQFA
SFQQAQLKQYA
SFQQAQLRQFA
SFQQAQLLQYA
SFQQAQLCQFA
SFQQAQLCQYA
SFQQAQLTQFA
SFQQAQLTQYA
SFQLAQLKQYA
SFQLAQLRQYA
SFQLAQLLQFA
SFQLAQLLQYA
SFQLAQLCQYA
SFQLAQLTQFA
SFQLAQLTQYA
SFQAAQLKQFA
SFQAAQLKQYA
SFQAAQLRQFA
SFQAAQLRQYA
SFQAAQLLQFA
SFQAAQLLQYA
SFQAAQLCQFA
SFQAAQLCQYA
SFQAAQLTQFA
SFQAAQLTQYA
SFQHAQLKQFA
SFQHAQLLQFA
SFQHAQLLQYA
SFQHAQLCQFA
SFQHAQLCQYA
SFQHAQLTQYA
SFQCAQLKQFA
SFQCAQLKQYA
SFQCAQLRQFA
SFQCAQLLQFA
SFQCAQLLQYA
SFQCAQLCQFA
SFQCAQLCQYA
SFQCAQLTQFA
SFQCAQLTQYA
SFQPAQLKQFA
SFQPAQLKQYA
SFQPAQLRQFA
SFQPAQLRQYA
SFQPAQLLQFA
SFQPAQLLQYA
SFQPAQLCQFA
SFQPAQLCQYA
SFQPAQLTQFA
SFQPAQLTQYA
SFQTAQLKQHS
SFQTAQLRQHS
SFQTAQLLQHS
SFQTAQLCQHS
SFQTAQLTQHS
SFQQAQLKQHS
SFQQAQLRQHS
SFQQAQLLQHS
SFQQAQLCQHS
SFQQAQLTQHS
SFQLAQLKQHS
SFQLAQLRQHS
SFQLAQLLQHS
SFQLAQLCQHS
SFQAAQLKQHS
SFQAAQLRQHS
SFQAAQLLQHS
SFQAAQLCQHS
SFQAAQLTQHS
SFQHAQLKQHS
SFQHAQLRQHS
SFQHAQLLQHS
SFQHAQLTQHS
SFQCAQLKQHS
SFQCAQLRQHS
SFQCAQLLQHS
SFQCAQLCQHS
SFQCAQLTQHS
SFQPAQLKQHS
SFQPAQLRQHS
SFQPAQLLQHS
SFQPAQLCQHS
SFQPAQLTQHS
SFQTAQLSKFA
SFQTAQLSKYA
SFQTAQLSRFA
SFQTAQLSAFA
SFQTAQLSAYA
SFQQAQLSKFA
SFQQAQLSKYA
SFQQAQLSRFA
SFQQAQLSAFA
SFQQAQLSAYA
SFQLAQLSKFA
SFQLAQLSKYA
SFQLAQLSRFA
SFQLAQLSRYA
SFQLAQLSAFA
SFQLAQLSAYA
SFQAAQLSKFA
SFQAAQLSKYA
SFQAAQLSRFA
SFQAAQLSRYA
SFQAAQLSAYA
SFQHAQLSKFA
SFQHAQLSKYA
SFQHAQLSRYA
SFQHAQLSAFA
SFQCAQLSKFA
SFQCAQLSRFA
SFQCAQLSRYA
SFQCAQLSAFA
SFQPAQLSKFA
SFQPAQLSKYA
SFQTAQLSKHS
SFQTAQLSRHS
SFQTAQLSAHS
SFQQAQLSKHS
SFQQAQLSRHS
SFQLAQLSKHS
SFQLAQLSRHS
SFQLAQLSAHS
SFQAAQLSKHS
SFQAAQLSRHS
SFQAAQLSAHS
SFQHAQLSKHS
SFQHAQLSRHS
SFQHAQLSAHS
SFQCAQLSKHS
SFQCAQLSRHS
SFQCAQLSAHS
SFQPAQLSKHS
SFQPAQLSRHS
SFQPAQLSAHS
SFQTAQLSQFS
SFQTAQLSQYS
SFQQAQLSQFS
SFQQAQLSQYS
SFQLAQLSQFS
SFQLAQLSQYS
SFQAAQLSQYS
SFQHAQLSQFS
SFQHAQLSQYS
SFQCAQLSQFS
SFQCAQLSQYS
SFQPAQLSQFS
SFQPAQLSQYS
SFQRMRISQHA
SFQRMRQSQHA
SFQRMRVSQHA
SFQRIRISQHA
SFQRIRQSQHA
SFQRIRVSQHA
SFQRMRLKQHA
SFQRMRLRQHA
SFQRMRLLQHA
SFQRMRLCQHA
SFQRMRLTQHA
SFQRIRLKQHA
SFQRIRLRQHA
SFQRIRLLQHA
SFQRIRLCQHA
SFQRMRLSKHA
SFQRMRLSRHA
SFQRMRLSAHA
SFQRIRLSKHA
SFQRIRLSRHA
SFQRIRLSAHA
SFQRMRLSQFA
SFQRIRLSQYA
SFQRMRLSQHS
SFQRMQILQHA
SFQRMQICQHA
SFQRMQITQHA
SFQRMQQKQHA
SFQRMQQRQHA
SFQRMQQLQHA
SFQRMQQCQHA
SFQRMQQTQHA
SFQRMQVKQHA
SFQRMQVRQHA
SFQRMQVLQHA
SFQRMQVCQHA
SFQRMQVTQHA
SFQRIQIKQHA
SFQRIQIRQHA
SFQRIQILQHA
SFQRIQICQHA
SFQRIQITQHA
SFQRIQQKQHA
SFQRIQQRQHA
SFQRIQQLQHA
SFQRIQQCQHA
SFQRIQQTQHA
SFQRIQVLQHA
SFQRIQVCQHA
SFQRMQISRHA
SFQRMQISAHA
SFQRMQQSKHA
SFQRMQQSRHA
SFQRMQQSAHA
SFQRMQVSKHA
SFQRMQVSRHA
SFQRMQVSAHA
SFQRIQISKHA
SFQRIQISRHA
SFQRIQISAHA
SFQRIQQSKHA
SFQRIQQSRHA
SFQRIQQSAHA
SFQRIQVSKHA
SFQRIQVSRHA
SFQRIQVSAHA
SFQRMQISQFA
SFQRMQISQYA
SFQRMQQSQFA
SFQRMQQSQYA
SFQRMQVSQFA
SFQRMQVSQYA
SFQRIQISQFA
SFQRIQISQYA
SFQRIQQSQFA
SFQRIQQSQYA
SFQRIQVSQFA
SFQRIQVSQYA
SFQRMQISQHS
SFQRMQQSQHS
SFQRMQVSQHS
SFQRIQISQHS
SFQRIQQSQHS
SFQRIQVSQHS
SFQRMQLKKHA
SFQRMQLKRHA
SFQRMQLKAHA
SFQRMQLRKHA
SFQRMQLRRHA
SFQRMQLRAHA
SFQRMQLLRHA
SFQRMQLLAHA
SFQRMQLCKHA
SFQRMQLCRHA
SFQRMQLTKHA
SFQRMQLTRHA
SFQRMQLTAHA
SFQRIQLKKHA
SFQRIQLKRHA
SFQRIQLKAHA
SFQRIQLRKHA
SFQRIQLRRHA
SFQRIQLRAHA
SFQRIQLLKHA
SFQRIQLLAHA
SFQRIQLCKHA
SFQRIQLCRHA
SFQRIQLCAHA
SFQRIQLTKHA
SFQRIQLTRHA
SFQRIQLTAHA
SFQRMQLKQFA
SFQRMQLKQYA
SFQRMQLRQFA
SFQRMQLRQYA
SFQRMQLLQFA
SFQRMQLLQYA
SFQRMQLCQYA
SFQRMQLTQFA
SFQRMQLTQYA
SFQRIQLKQFA
SFQRIQLKQYA
SFQRIQLRQFA
SFQRIQLRQYA
SFQRIQLLQFA
SFQRIQLLQYA
SFQRIQLCQFA
SFQRIQLCQYA
SFQRIQLTQFA
SFQRIQLTQYA
SFQRMQLKQHS
SFQRMQLRQHS
SFQRMQLLQHS
SFQRMQLCQHS
SFQRMQLTQHS
SFQRIQLKQHS
SFQRIQLRQHS
SFQRIQLLQHS
SFQRIQLCQHS
SFQRIQLTQHS
SFQRMQLSKFA
SFQRMQLSKYA
SFQRMQLSRFA
SFQRMQLSRYA
SFQRMQLSAFA
SFQRMQLSAYA
SFQRIQLSKFA
SFQRIQLSKYA
SFQRIQLSRFA
SFQRIQLSRYA
SFQRIQLSAFA
SFQRIQLSAYA
SFQRMQLSKHS
SFQRMQLSRHS
SFQRMQLSAHS
SFQRIQLSKHS
SFQRIQLSRHS
SFQRIQLSAHS
SFQRMQLSQFS
SFQRMQLSQYS
SFQRIQLSQFS
SFQRIQLSQYS
SFQRARIKQHA
SFQRARIRQHA
SFQRARILQHA
SFQRARICQHA
SFQRARITQHA
SFQRARQKQHA
SFQRARQRQHA
SFQRARQLQHA
SFQRARQCQHA
SFQRARQTQHA
SFQRARVKQHA
SFQRARVRQHA
SFQRARVLQHA
SFQRARVCQHA
SFQRARVTQHA
SFQRARISKHA
SFQRARISRHA
SFQRARISAHA
SFQRARQSKHA
SFQRARQSRHA
SFQRARQSAHA
SFQRARVSKHA
SFQRARVSRHA
SFQRARVSAHA
SFQRARISQFA
SFQRARISQYA
SFQRARQSQFA
SFQRARQSQYA
SFQRARVSQFA
SFQRARVSQYA
SFQRARISQHS
SFQRARVSQHS
SFQRARLKKHA
SFQRARLKRHA
SFQRARLKAHA
SFQRARLRKHA
SFQRARLRRHA
SFQRARLRAHA
SFQRARLLKHA
SFQRARLLRHA
SFQRARLLAHA
SFQRARLCKHA
SFQRARLCRHA
SFQRARLCAHA
SFQRARLTKHA
SFQRARLTRHA
SFQRARLTAHA
SFQRARLKQFA
SFQRARLKQYA
SFQRARLRQFA
SFQRARLRQYA
SFQRARLLQFA
SFQRARLLQYA
SFQRARLCQFA
SFQRARLCQYA
SFQRARLTQFA
SFQRARLKQHS
SFQRARLRQHS
SFQRARLLQHS
SFQRARLCQHS
SFQRARLTQHS
SFQRARLSKFA
SFQRARLSKYA
SFQRARLSRFA
SFQRARLSAFA
SFQRARLSAYA
SFQRARLSRHS
SFQRARLSAHS
SFQRARLSQFS
SFQRARLSQYS
SFQRAQIKKHA
SFQRAQIKRHA
SFQRAQIKAHA
SFQRAQIRRHA
SFQRAQIRAHA
SFQRAQILKHA
SFQRAQILRHA
SFQRAQILAHA
SFQRAQICKHA
SFQRAQICRHA
SFQRAQICAHA
SFQRAQITKHA
SFQRAQITRHA
SFQRAQITAHA
SFQRAQQKKHA
SFQRAQQKRHA
SFQRAQQKAHA
SFQRAQQRKHA
SFQRAQQRRHA
SFQRAQQRAHA
SFQRAQQLKHA
SFQRAQQLRHA
SFQRAQQLAHA
SFQRAQQCKHA
SFQRAQQCRHA
SFQRAQQCAHA
SFQRAQQTKHA
SFQRAQQTRHA
SFQRAQQTAHA
SFQRAQVKKHA
SFQRAQVKRHA
SFQRAQVKAHA
SFQRAQVRKHA
SFQRAQVRRHA
SFQRAQVRAHA
SFQRAQVLKHA
SFQRAQVLRHA
SFQRAQVLAHA
SFQRAQVCKHA
SFQRAQVCRHA
SFQRAQVCAHA
SFQRAQVTKHA
SFQRAQVTRHA
SFQRAQVTAHA
SFQRAQIKQFA
SFQRAQIKQYA
SFQRAQIRQFA
SFQRAQIRQYA
SFQRAQILQFA
SFQRAQILQYA
SFQRAQICQFA
SFQRAQICQYA
SFQRAQITQFA
SFQRAQITQYA
SFQRAQQKQFA
SFQRAQQKQYA
SFQRAQQRQFA
SFQRAQQRQYA
SFQRAQQLQFA
SFQRAQQLQYA
SFQRAQQCQFA
SFQRAQQCQYA
SFQRAQQTQFA
SFQRAQQTQYA
SFQRAQVKQFA
SFQRAQVKQYA
SFQRAQVRQFA
SFQRAQVRQYA
SFQRAQVLQFA
SFQRAQVLQYA
SFQRAQVCQFA
SFQRAQVCQYA
SFQRAQVTQFA
SFQRAQVTQYA
SFQRAQIKQHS
SFQRAQIRQHS
SFQRAQILQHS
SFQRAQICQHS
SFQRAQITQHS
SFQRAQQKQHS
SFQRAQQRQHS
SFQRAQQLQHS
SFQRAQQCQHS
SFQRAQQTQHS
SFQRAQVKQHS
SFQRAQVRQHS
SFQRAQVLQHS
SFQRAQVCQHS
SFQRAQVTQHS
SFQRAQISKFA
SFQRAQISKYA
SFQRAQISAFA
SFQRAQISAYA
SFQRAQQSKFA
SFQRAQQSKYA
SFQRAQQSRFA
SFQRAQQSRYA
SFQRAQQSAFA
SFQRAQQSAYA
SFQRAQVSKYA
SFQRAQISRHS
SFQRAQVSKHS
SFQRAQISQFS
SFQRAQISQYS
SFQRAQVSQYS
SFQRAQLKRYA
SFQRAQLRKFA
SFQRAQLRKYA
SFQRAQLRAFA
SFQRAQLRAYA
SFQRAQLLRYA
SFQRAQLCKFA
SFQRAQLCAFA
SFQRAQLCAYA
SFQRAQLTKYA
SFQRAQLTAYA
SFQRAQLRKHS
SFQRAQLRRHS
SFQRAQLLKHS
SFQRAQLLRHS
SFQRAQLCKHS
SFQRAQLTKHS
SFQRAQLTRHS
SFQRAQLKQYS
SFQRAQLRQYS
SFQRAQLLQFS
SFQRAQLLQYS
SFQRAQLCQYS
SFQRAQLSRYS
SFQRAQLSAYS
SFGCIQLTQHA
SFNPIQLTQHA
SFGHAQQTQHA
SWQHIQLTQHA
SQQAMQLTQHA
SFNAIQLTQHA
SQQRMQQTQHA
SWQAIQLTQHA
SQQCMQLTQHA
SFNRMQQTQHA
SQNRMQLTQHA
SWQPMQLTQHA
SFNPIQLRQHA
SQNRMQLRQHA
SFNCIQLRQHA
SQQRMQQRQHA
SWQAIQLRQHA
SFGQIQLRQHA
SFNQIQLRQHA
SQQRMQIRQHA
SFGLIQLRQHA
SQGRMQLRQHA
SQQAMQLRQHA
SQQPMQLRQHA
SFGQMQLRQHA
SWQPIQLRQHA
SQQCMQLRQHA
SQQRMQVRQHA
SWNRIQLRQHA
SFGHIQLRQHA
SFNRMQQRQHA
SFNTIQLLQHA
SQQCIQLLQHA
SFGTIQLLQHA
SFNPIQLLQHA
SQQQMQLLQHA
SFNQIQLLQHA
SQQRMQILQHA
SQQRMQVLQHA
SQQPMQLLQHA
SQQTMQLLQHA
SQQRMRLLQHA
SQQRMQQLQHA
SQNRMQLLQHA
SQQAMQLLQHA
SQQLMQLLQHA
SQQCMQLLQHA
SFGRIQIKQHA
SFGCIQLKQHA
SFGAIQLKQHA
SFQAIQQKQHA
SFNLIQLKQHA
SFNRIQQKQHA
SFQHIQIKQHA
SFQPIQQKQHA
SQQRMQVKQHA
SFGRMQQKQHA
SFQPIQIKQHA
SFNAIQLKQHA
SQQRMQQKQHA
SQQAMQLKQHA
SFGLIQLKQHA
SFQAIQIKQHA
SQQPMQLKQHA
SFNRIQQCQHA
SWQQIQLCQHA
SFQAIQICQHA
SFNTIQLCQHA
SFQPIQVCQHA
SFNAIQLCQHA
SQGRMQLCQHA
SWQTIQLCQHA
SWQHIQLCQHA
SFNRIQICQHA
SFGAIQLCQHA
SFGHIQLCQHA
SWQAIQLCQHA
SQQCMQLCQHA
SFNHIQLCQHA
SFNLIQLSRHA
SFNRMQISRHA
SFGRIQLTRHA
SFQAIQLCRHA
SWGRIQLSRHA
SFNRIQISRHA
SFNRIQLTRHA
SFNRIQLCRHA
SFQPIQLTRHA
SFNTIQLSRHA
SFQHIQLTRHA
SQQRMQISRHA
SFNPIQLSRHA
SFNAIQLSRHA
SFNHIQLSRHA
SFGAIQLSRHA
SFGHMQLSRHA
SQQHMQLSRHA
SFGQIQLSRHA
SFGQMQLSRHA
SQQRMQQSRHA
SFGHIQLSRHA
SFGLIQLSRHA
SQQRMQLCRHA
SWQQIQLSRHA
SQQTMQLSRHA
SQQPMQLSRHA
SFQPIQLKRHA
SQQAMQLSRHA
SWQAIQLSRHA
SFGRMQQSRHA
SFGPIQLSRHA
SFGRIQLKRHA
SWQTIQLSRHA
SFNRMQQSRHA
SFGRIQLRRHA
SWQPIQLSRHA
SQQCMQLSRHA
SQQRMQLLRHA
SWQLIQLSRHA
SQQQMQLSKHA
SQNRMQLSKHA
SQQAMQLSKHA
SFGRIQLKAHA
SWQPIQLSAHA
SWNRIQLSAHA
SFNRMQVSAHA
SFNRIQLRAHA
SQQRMQQSAHA
SWQHIQLSAHA
SWQTIQLSAHA
SFNRMQISAHA
SQQRMQLRAHA
SFGHIQLSAHA
SFGRMQLRAHA
SWQAIQLSAHA
SFNRMQQSAHA
SQNRMQLSAHA
SFNRMQLTAHA
SQQRMQLCAHA
SQQCMQLSAHA
SQQRMQLLAHA
SFGAIRLSQHA
SFGAIQVSQHA
SQQLMQVSQHA
SQQCMQVSQHA
SQQAMQQSQHA
SFNCIQQSQHA
SWNRIQISQHA
SFNCIQISQHA
SQQCMQISQHA
SQNRMQISQHA
SFGCIQISQHA
SQQLMQISQHA
SFGTIQISQHA
SWQHIQISQHA
SWQAIQISQHA
SWQTIQISQHA
SQQPMQISQHA
SWQLIQISQHA
SWQCMQISQHA
SQQCMQLSQYA
SQGRMQLSQYA
SQNRMQLSQYA
SQQAMQLSQFA
SQQCMQLSQFA
SQNTMQLSQHA
SQGQMQLSQHA
SQNPMQLSQHA
SQNHMQLSQHA
SQNAMQLSQHA
SQNCMQLSQHA
SQGHMQLSQHA
SQNLMQLSQHA
SWNHIQLSQHA
SWNPIQLSQHA
SWGAIQLSQHA
SWNAIQLSQHA
SWNCIQLSQHA
SWNHIQISQHA
SWNAIQISQHA
SWGAIQQSQHA
SQNRMQLRAHA
SQQHMQLLAHA
SQGRMQLLAHA
SQQRMQVLAHA
SQQPMQLLAHA
SQQTMQLLAHA
SQNRMQLLAHA
SQNRMQLKAHA
SWNRIQLCAHA
SFGHIRLSAHA
SFGAIQQSAHA
SFGAIQISAHA
SQNLMQLSAHA
SWNHIQLSAHA
SWNQIQLSAHA
SWGAIQLSAHA
SQNAMQLSKHA
SQNHMQLSKHA
SQNPMQLSKHA
SFGHIQLTRHA
SWNRIQLTRHA
SQQQMQLTRHA
SQQCMQLTRHA
SFGLIQLTRHA
SWNRIQLRRHA
SQNRMQLRRHA
SFGAIQLRRHA
SFGLIQLRRHA
SFGHIQLRRHA
SFGPIQLRRHA
SFGPIQLLRHA
SFGHIQLLRHA
SQQQMQLLRHA
SQNRMQLLRHA
SQQTMQLLRHA
SFGLIQLLRHA
SQQPMQLLRHA
SQQAMQLLRHA
SQQCMQLLRHA
SFGHIQLKRHA
SFNPIQLKRHA
SFGHIQLCRHA
SFGTIQLCRHA
SQNRMQLCRHA
SFGCIQLCRHA
SWNRIQLCRHA
SQQLIQLCRHA
SFGLIQLCRHA
SFGHIRLSRHA
SFNAIQVSRHA
SFGTIQVSRHA
SQNRMQVSRHA
SWNRIQVSRHA
SFGAIQVSRHA
SFGPIQVSRHA
SFGLIQVSRHA
SFGHIQVSRHA
SFGAIQQSRHA
SFGHIQQSRHA
SFNAIQQSRHA
SWGRIQQSRHA
SWNRIQQSRHA
SFGLIQQSRHA
SFNHIQISRHA
SQQQMQISRHA
SQNRMQISRHA
SQQAMQISRHA
SFNAIQISRHA
SFGAIQISRHA
SFGHIQISRHA
SFGTIQISRHA
SFGLIQISRHA
SFGPIQISRHA
SQNTMQLSRHA
SQGAMQLSRHA
SQNQMQLSRHA
SQGCMQLSRHA
SQNHMQLSRHA
SQNAMQLSRHA
SQGQMQLSRHA
SQNCMQLSRHA
SQGLMQLSRHA
SQNLMQLSRHA
SWGPIQLSRHA
SWNPIQLSRHA
SWGHIQLSRHA
SWNQIQLSRHA
SWGAIQLSRHA
SWGQIQLSRHA
SWNAIQLSRHA
SWGLIQLSRHA
SFGHIQVCQHA
SFGQIQQCQHA
SFGHIQQCQHA
SFNTIQQCQHA
SQNRMQQCQHA
SFGHIQICQHA
SFGPIQICQHA
SQNAMQLCQHA
SQNLIQLCQHA
SQNRMQQKQHA
SFNHIQIKQHA
SQNQMQLKQHA
SQGQMQLKQHA
SQNPMQLKQHA
SQQPMQVLQHA
SQQHMQVLQHA
SQQAMQVLQHA
SQNRMQVLQHA
SQQAMQQLQHA
SQQHMQQLQHA
SQQTMQQLQHA
SQNRMQQLQHA
SQGRMQQLQHA
SFGPIQILQHA
SQNRMQILQHA
SQNHMQLLQHA
SQGTMQLLQHA
SQNTMQLLQHA
SQGQMQLLQHA
SQNQMQLLQHA
SQNPMQLLQHA
SQNCMQLLQHA
SQNAMQLLQHA
SQGAMQLLQHA
SWNHIQLLQHA
SQNLIQLLQHA
SQNRMQVRQHA
SFNPIQQRQHA
SFNHIQQRQHA
SQNRMQQRQHA
SQNTMQLRQHA
SQNQMQLRQHA
SQNCMQLRQHA
SWNQIQLRQHA
SWNTIQLRQHA
SWNHIQLRQHA
SFGAIQQTQHA
SFNAIQITQHA
SFGHIQITQHA
SQNAMQLTQHA
SQNLMQLTQHA
SWNPIQLTQHA
SQGPMQLLQHS
SQNPMQLLQHS
SQNAMQLLQHS
SQGAMQLLQHS
SQGLMQLLQHS
SQGAMQLRQHS
SQNAMQLRQHS
SQNLIQLSRFA
SQNAIQLSRYA
SQNPIQLSRYA
SFGHIRISAHA
SWGLIQQSAHA
SFGHIRVSAHA
SQGLIRLSAHA
SQNRMQQCAHA
SQNPMQLCAHA
SQNAMQLCAHA
SQNCMQLCAHA
SQNRMQQKAHA
SQGRMQVLAHA
SQNRMQVLAHA
SQGRMQQLAHA
SQNRMQQLAHA
SQNRMQILAHA
SQGTMQLLAHA
SQNHMQLLAHA
SQGHMQLLAHA
SQGPMQLLAHA
SQNPMQLLAHA
SQNTMQLLAHA
SQGAMQLLAHA
SQNAMQLLAHA
SQNCMQLLAHA
SQNLMQLLAHA
SQNRIRLRAHA
SFGHIQVRAHA
SFGPIQVRAHA
SFGHIQQRAHA
SFGPIQQRAHA
SQNRMQQRAHA
SFGAIQIRAHA
SFNHIQIRAHA
SFGHIQIRAHA
SFGPIQIRAHA
SQNQMQLRAHA
SQGQMQLRAHA
SQNPMQLRAHA
SQNHMQLRAHA
SQNTMQLRAHA
SQGLMQLRAHA
SWNLIQLRAHA
SFGHIQVTAHA
SFGHIQITAHA
SFNHIQITAHA
SFNAIQITAHA
SFGAIQITAHA
SFGLIRISRHA
SFNHIRISRHA
SFGPIRISRHA
SFGHIRISRHA
SFGQIRISRHA
SQGQMQISRHA
SQNLMQISRHA
SQGLMQISRHA
SWNHIQISRHA
SQGLIQISRHA
SQNLIQISRHA
SWGAIQISRHA
SFNHIRQSRHA
SQGAMQQSRHA
SQNPMQQSRHA
SWGTIQQSRHA
SWGHIQQSRHA
SWNHIQQSRHA
SQNLIQQSRHA
SWNTIQQSRHA
SWGAIQQSRHA
SQGLIQQSRHA
SWGLIQQSRHA
SWNLIQQSRHA
SFNHIRVSRHA
SQNAMQVSRHA
SQGLMQVSRHA
SWGHIQVSRHA
SQGLIQVSRHA
SWGQIQVSRHA
SWGLIQVSRHA
SQNHMRLSRHA
SQNQMRLSRHA
SQNPMRLSRHA
SQNLIRLSRHA
SQNHIRLSRHA
SQNPIRLSRHA
SQGLIRLSRHA
SQNRIRLCRHA
SQGRIRLCRHA
SFGHIQVCRHA
SFGPIQVCRHA
SFGLIQVCRHA
SFNLIQQCRHA
SFNAIQQCRHA
SQNRMQQCRHA
SFNPIQQCRHA
SQQAIQICRHA
SFNHIQICRHA
SFGTIQICRHA
SFNPIQICRHA
SFGHIQICRHA
SFGCIQICRHA
SFGQIQICRHA
SQNAMQLCRHA
SQGHIQLCRHA
SQNHIQLCRHA
SQNAIQLCRHA
SWGPIQLCRHA
SQNCIQLCRHA
SQNLIQLCRHA
SQGCIQLCRHA
SWNQIQLCRHA
SFNPIQVKRHA
SFNHIQVKRHA
SFGHIQVKRHA
SFGPIQVKRHA
SFNHIQQKRHA
SFGLIQQKRHA
SFGHIQQKRHA
SFGPIQQKRHA
SFNHIQIKRHA
SQNRMQIKRHA
SFGQIQIKRHA
SFGHIQIKRHA
SFGAIQIKRHA
SQGQMQLKRHA
SQGCMQLKRHA
SQGLMQLKRHA
SWGTIQLKRHA
SWGPIQLKRHA
SQGCIQLKRHA
SWGQIQLKRHA
SWGHIQLKRHA
SQGAIQLKRHA
SWNLIQLKRHA
SQNCIQLKRHA
SQGTIQLKRHA
SQGPIQLKRHA
SQGHIQLKRHA
SFGQIQVLRHA
SFGHIQVLRHA
SQNRMQVLRHA
SQQQMQVLRHA
SFGLIQVLRHA
SQNRMQQLRHA
SFGPIQILRHA
SFGHIQILRHA
SQQAIQILRHA
SFGQIQILRHA
SQNHMQLLRHA
SQNTMQLLRHA
SQGTMQLLRHA
SQNPMQLLRHA
SQGQMQLLRHA
SQGLMQLLRHA
SQNCMQLLRHA
SQNAMQLLRHA
SQGCMQLLRHA
SQNLMQLLRHA
SQGQIQLLRHA
SQGAIQLLRHA
SQNAIQLLRHA
SQGHIQLLRHA
SQGPIQLLRHA
SQGTIQLLRHA
SQNPIQLLRHA
SQNLIQLLRHA
SQGLIQLLRHA
SQGCIQLLRHA
SFGPIRLRRHA
SFNPIQVRRHA
SFNHIQVRRHA
SFGLIQVRRHA
SFGHIQVRRHA
SFNLIQQRRHA
SFGHIQQRRHA
SFGAIQQRRHA
SFGPIQQRRHA
SFGLIQQRRHA
SQNRMQQRRHA
SQNRMQIRRHA
SFNAIQIRRHA
SFNHIQIRRHA
SFGTIQIRRHA
SFNPIQIRRHA
SFGPIQIRRHA
SFGHIQIRRHA
SQNHMQLRRHA
SQNQMQLRRHA
SQNAMQLRRHA
SWNHIQLRRHA
SWGHIQLRRHA
SWNTIQLRRHA
SQNLIQLRRHA
SWGQIQLRRHA
SQGLIQLRRHA
SWGTIQLRRHA
SQGCIQLRRHA
SWNPIQLRRHA
SWGPIQLRRHA
SWNQIQLRRHA
SQNCIQLRRHA
SWNLIQLRRHA
SQNRIRLTRHA
SFGPIQVTRHA
SFNHIQVTRHA
SFGHIQVTRHA
SFGAIQVTRHA
SFNAIQVTRHA
SFNPIQVTRHA
SFGLIQVTRHA
SFGQIQQTRHA
SFNTIQQTRHA
SFNHIQQTRHA
SFNAIQQTRHA
SFGAIQQTRHA
SFGHIQQTRHA
SFGTIQQTRHA
SFGLIQQTRHA
SFNHIQITRHA
SFGAIQITRHA
SFGHIQITRHA
SFNTIQITRHA
SFGPIQITRHA
SFNAIQITRHA
SFGTIQITRHA
SFGQIQITRHA
SFGLIQITRHA
SQNQMQLTRHA
SQNAMQLTRHA
SQNLMQLTRHA
SQGLMQLTRHA
SQNCMQLTRHA
SWNQIQLTRHA
SWGPIQLTRHA
SWGTIQLTRHA
SQNCIQLTRHA
SWGHIQLTRHA
SWGQIQLTRHA
SQNLIQLTRHA
SWNHIQLTRHA
SWNPIQLTRHA
SQGCIQLTRHA
SWGPIQICQHA
SQNLIQICQHA
SWNPIQQCQHA
SQNHIRLCQHA
SQGLIRLCQHA
SWNPIQIKQHA
SWNPIQVKQHA
SQNTMQILQHA
SQNAMQILQHA
SQNLIQILQHA
SQNTMQQLQHA
SQNPMQQLQHA
SQNAMQQLQHA
SQNHMQVLQHA
SQGPMQVLQHA
SQNPMQVLQHA
SQNAMQVLQHA
SQNTMQVLQHA
SQNCIQVLQHA
SQNAMRLLQHA
SQGQMRLLQHA
SQNQMRLLQHA
SQGCMRLLQHA
SQGCMQIRQHA
SWNPIQIRQHA
SQGLMQVRQHA