,Sequence,Fitness
0,SFQRAQLSQHA,0.6191885650134424
1,SFQRMQLSQHA,0.6230817369347462
2,SFQRAQLSQFA,0.6411156160510791
3,SFQRAQLSKHA,0.6702924772799526
4,SFQRAQLKQHA,0.7150347856636639
5,SFQRAQLSRHA,0.5785329155953873
6,SFQTAQLSQHA,0.6294859735570659
7,SFQQAQLSQHA,0.4866355568189639
8,SFQRAQLSQYA,0.6024342310511304
9,SFQLAQLSQHA,0.4638434742763883
10,SFQRAQLRQHA,0.6840835264896165
11,SFQAAQLSQHA,0.47591154625618876
12,SFQHAQLSQHA,0.5268782101838357
13,SFQRAQLLQHA,0.652906951354423
14,WFQRAQLSQHA,0.552537372284858
15,SAQRAQLSQHA,0.6925785641074585
16,SFQRAQISQHA,0.608109116353352
17,SFQRARLSQHA,0.5026831092965488
18,SFQRAQLCQHA,0.5819310635587706
19,SQQRAQLSQHA,0.6488349179433389
20,SFNRAQLSQHA,0.6324525915645628
21,SFQRAQQSQHA,0.6859160592679477
22,SFQRAQVSQHA,0.6538444167300229
23,SFQCAQLSQHA,0.507330593715034
24,SFGRAQLSQHA,0.5732718659995415
25,SWQRAQLSQHA,0.5819090292057363
26,SFQRAQLTQHA,0.5986044633474589
27,SFQRAQLSQHS,0.6455906828884522
28,SFQRIQLSQHA,0.5779896373601597
29,SFQRAQLSAHA,0.5365181981935352
30,SFQPAQLSQHA,0.6261352892118522
31,WAQRAQLSQHA,0.6259273713788742
32,WQQRAQLSQHA,0.5821837252147545
33,WWQRAQLSQHA,0.515257836477152
34,WFNRAQLSQHA,0.5658013988359785
35,WFGRAQLSQHA,0.5066206732709572
36,WFQTAQLSQHA,0.5628347808284816
37,WFQQAQLSQHA,0.41998436409037954
38,WFQLAQLSQHA,0.39719228154780395
39,WFQAAQLSQHA,0.4092603535276044
40,WFQHAQLSQHA,0.4602270174552514
41,WFQCAQLSQHA,0.44067940098644964
42,WFQPAQLSQHA,0.5594840964832679
43,WFQRMQLSQHA,0.5564305442061619
44,WFQRIQLSQHA,0.5113384446315754
45,WFQRARLSQHA,0.4360319165679644
46,WFQRAQISQHA,0.5414579236247676
47,WFQRAQQSQHA,0.6192648665393635
48,WFQRAQVSQHA,0.5871932240014386
49,WFQRAQLKQHA,0.6826942701984627
50,WFQRAQLRQHA,0.60961097139544
51,WFQRAQLLQHA,0.6052232810438631
52,WFQRAQLCQHA,0.5591779545769295
53,WFQRAQLTQHA,0.5492237259244542
54,WFQRAQLSKHA,0.581395819510261
55,WFQRAQLSRHA,0.5272448877593612
56,WFQRAQLSAHA,0.5049364047875309
57,WFQRAQLSQFA,0.5744644233224947
58,WFQRAQLSQYA,0.535783038322546
59,WFQRAQLSQHS,0.5789394901598679
60,SANRAQLSQHA,0.7058425906585788
61,SAGRAQLSQHA,0.6466618650935575
62,SQNRAQLSQHA,0.6620989444944593
63,SQGRAQLSQHA,0.602918218929438
64,SWNRAQLSQHA,0.5951730557568568
65,SWGRAQLSQHA,0.5359923301918355
66,SAQTAQLSQHA,0.6915238000108196
67,SAQQAQLSQHA,0.5603113903873249
68,SAQLAQLSQHA,0.5031090959322918
69,SAQAAQLSQHA,0.5383436175716804
70,SAQHAQLSQHA,0.5687794259628633
71,SAQCAQLSQHA,0.6182604803117194
72,SAQPAQLSQHA,0.7031103169112574
73,SQQTAQLSQHA,0.6485491354552588
74,SQQQAQLSQHA,0.547730579667186
75,SQQLAQLSQHA,0.482730287810442
76,SQQAAQLSQHA,0.5021797183118317
77,SQQHAQLSQHA,0.5758571826357278
78,SQQCAQLSQHA,0.5869100618567852
79,SQQPAQLSQHA,0.6345729104216727
80,SWQTAQLSQHA,0.6587509510355495
81,SWQQAQLSQHA,0.46683063023557664
82,SWQLAQLSQHA,0.4427078542073169
83,SWQAAQLSQHA,0.5252672980249086
84,SWQCAQLSQHA,0.513346469857964
85,SWQPAQLSQHA,0.6109266890589994
86,SAQRMQLSQHA,0.6964717360287623
87,SAQRIQLSQHA,0.6513796364541758
88,SQQRMQLSQHA,0.6527280898646427
89,SQQRIQLSQHA,0.6076359902900562
90,SWQRMQLSQHA,0.5858022011270402
91,SWQRIQLSQHA,0.5407101015524536
92,SAQRARLSQHA,0.5760731083905648
93,SQQRARLSQHA,0.5323294622264453
94,SWQRARLSQHA,0.46540357348884265
95,SAQRAQISQHA,0.7001456542892465
96,SAQRAQQSQHA,0.6839618706124745
97,SAQRAQVSQHA,0.6946080675666392
98,SQQRAQISQHA,0.6488175743633156
99,SQQRAQQSQHA,0.6323815977304941
100,SQQRAQVSQHA,0.6599642406236954
101,SWQRAQISQHA,0.5584306294358393
102,SWQRAQQSQHA,0.6156462755200033
103,SWQRAQVSQHA,0.6124246295462924
104,SAQRAQLKQHA,0.7884247847576799
105,SAQRAQLRQHA,0.7574735255836326
106,SAQRAQLLQHA,0.7262969504484391
107,SAQRAQLCQHA,0.6553210626527868
108,SAQRAQLTQHA,0.6719944624414749
109,SQQRAQLKQHA,0.7446811385935603
110,SQQRAQLRQHA,0.7137298794195129
111,SQQRAQLLQHA,0.6825533042843195
112,SQQRAQLCQHA,0.611577416488667
113,SQQRAQLTQHA,0.6282508162773554
114,SWQRAQLKQHA,0.6777552498559576
115,SWQRAQLRQHA,0.6468039906819103
116,SWQRAQLLQHA,0.6156274155467168
117,SWQRAQLCQHA,0.5446515277510645
118,SWQRAQLTQHA,0.5613249275397526
119,SAQRAQLSKHA,0.7436824763739687
120,SAQRAQLSRHA,0.6519229146894033
121,SAQRAQLSAHA,0.6099081972875512
122,SQQRAQLSRHA,0.6081792685252838
123,SWQRAQLSKHA,0.6330129414722463
124,SWQRAQLSRHA,0.5412533797876811
125,SWQRAQLSAHA,0.4992386623858291
126,SAQRAQLSQFA,0.7145056151450953
127,SAQRAQLSQYA,0.6758242301451465
128,SQQRAQLSQFA,0.6707619689809756
129,SQQRAQLSQYA,0.6320805839810268
130,SWQRAQLSQFA,0.603836080243373
131,SWQRAQLSQYA,0.5651546952434243
132,SAQRAQLSQHS,0.7189806819824685
133,SQQRAQLSQHS,0.6752370358183487
134,SWQRAQLSQHS,0.6083111470807462
135,SFNTAQLSQHA,0.6469965087891164
136,SFNQAQLSQHA,0.4585928287376188
137,SFNLAQLSQHA,0.4761467012565068
138,SFNAAQLSQHA,0.4957075139179558
139,SFNHAQLSQHA,0.5126572594486879
140,SFNCAQLSQHA,0.47277460222175377
141,SFNPAQLSQHA,0.5688815633768232
142,SFGTAQLSQHA,0.5941376207184269
143,SFGQAQLSQHA,0.490105574954298
144,SFGLAQLSQHA,0.5380063280691859
145,SFGAAQLSQHA,0.5179334155307207
146,SFGHAQLSQHA,0.5309385463827323
147,SFGCAQLSQHA,0.51072319684818
148,SFGPAQLSQHA,0.566222575064167
149,SFNRMQLSQHA,0.6363457634858667
150,SFNRIQLSQHA,0.5912536639112802
151,SFGRMQLSQHA,0.5771650379208454
152,SFGRIQLSQHA,0.5320729383462589
153,SFNRARLSQHA,0.5159471358476692
154,SFGRARLSQHA,0.45676641028264786
155,SFNRAQISQHA,0.6213731429044723
156,SFNRAQQSQHA,0.6991800858190681
157,SFNRAQVSQHA,0.6671084432811433
158,SFGRAQISQHA,0.562192417339451
159,SFGRAQQSQHA,0.6399993602540468
160,SFGRAQVSQHA,0.6079277177161221
161,SFNRAQLKQHA,0.7282988122147842
162,SFNRAQLRQHA,0.6973475530407368
163,SFNRAQLLQHA,0.6661709779055432
164,SFNRAQLCQHA,0.595195090109891
165,SFNRAQLTQHA,0.611868489898579
166,SFGRAQLKQHA,0.6691180866497629
167,SFGRAQLRQHA,0.6381668274757155
168,SFGRAQLLQHA,0.606990252340522
169,SFGRAQLCQHA,0.5360143645448697
170,SFGRAQLTQHA,0.5526877643335578
171,SFNRAQLSKHA,0.6835565038310728
172,SFNRAQLSRHA,0.5917969421465076
173,SFNRAQLSAHA,0.5497822247446555
174,SFGRAQLSKHA,0.6243757782660515
175,SFGRAQLSRHA,0.5326162165814863
176,SFGRAQLSAHA,0.4906014991796343
177,SFNRAQLSQFA,0.6543796426021995
178,SFNRAQLSQYA,0.6156982576022508
179,SFGRAQLSQFA,0.5951989170371782
180,SFGRAQLSQYA,0.5565175320372295
181,SFNRAQLSQHS,0.6588547094395726
182,SFGRAQLSQHS,0.5996739838745513
183,SFQTMQLSQHA,0.6333791454783698
184,SFQTIQLSQHA,0.5882870459037833
185,SFQQMQLSQHA,0.49052872874026776
186,SFQQIQLSQHA,0.4454366291656813
187,SFQLMQLSQHA,0.4677366461976921
188,SFQLIQLSQHA,0.4226445466231056
189,SFQAMQLSQHA,0.4798047181774926
190,SFQAIQLSQHA,0.43471261860290605
191,SFQHMQLSQHA,0.5307713821051396
192,SFQHIQLSQHA,0.48567928253055315
193,SFQCMQLSQHA,0.5112237656363379
194,SFQCIQLSQHA,0.4661316660617514
195,SFQPMQLSQHA,0.630028461133156
196,SFQPIQLSQHA,0.5849363615585695
197,SFQTARLSQHA,0.5129805178401723
198,SFQQARLSQHA,0.3701301011020703
199,SFQLARLSQHA,0.3473380185594946
200,SFQAARLSQHA,0.359406090539295
201,SFQHARLSQHA,0.41037275446694216
202,SFQCARLSQHA,0.3908251379981404
203,SFQPARLSQHA,0.5096298334949585
204,SFQTAQISQHA,0.6184065248969755
205,SFQTAQQSQHA,0.6962134678115712
206,SFQTAQVSQHA,0.6641418252736465
207,SFQQAQISQHA,0.47555610815887345
208,SFQQAQQSQHA,0.5533630510734692
209,SFQQAQVSQHA,0.5212914085355445
210,SFQLAQISQHA,0.45276402561629786
211,SFQLAQQSQHA,0.5305709685308936
212,SFQLAQVSQHA,0.4984993259929688
213,SFQAAQQSQHA,0.5426390405106941
214,SFQAAQVSQHA,0.5105673979727693
215,SFQHAQISQHA,0.5157987615237454
216,SFQHAQQSQHA,0.5936057044383412
217,SFQHAQVSQHA,0.5615340619004163
218,SFQCAQISQHA,0.49625114505494355
219,SFQCAQQSQHA,0.5740580879695393
220,SFQCAQVSQHA,0.5419864454316146
221,SFQPAQISQHA,0.6150558405517617
222,SFQPAQQSQHA,0.6928627834663575
223,SFQPAQVSQHA,0.6607911409284328
224,SFQTAQLKQHA,0.6718100516936786
225,SFQTAQLRQHA,0.6246575058664311
226,SFQTAQLLQHA,0.6230245710820301
227,SFQTAQLCQHA,0.6582840918967652
228,SFQTAQLTQHA,0.5401277137195046
229,SFQQAQLKQHA,0.6637117250475675
230,SFQQAQLRQHA,0.6258736832598463
231,SFQQAQLLQHA,0.5961247264350149
232,SFQQAQLCQHA,0.5289607693175493
233,SFQQAQLTQHA,0.5145823155765696
234,SFQLAQLKQHA,0.6567552210927954
235,SFQLAQLRQHA,0.6123226362989688
236,SFQLAQLLQHA,0.5700204703507334
237,SFQLAQLCQHA,0.5236472536149865
238,SFQLAQLTQHA,0.520958518499381
239,SFQAAQLKQHA,0.6703042802206215
240,SFQAAQLRQHA,0.6101950854503334
241,SFQAAQLLQHA,0.579505535148878
242,SFQAAQLCQHA,0.5453637201616671
243,SFQAAQLTQHA,0.5226601767712652
244,SFQHAQLKQHA,0.6912498187392827
245,SFQHAQLRQHA,0.5963355131551468
246,SFQHAQLLQHA,0.593043216258497
247,SFQHAQLCQHA,0.5897567920216988
248,SFQHAQLTQHA,0.4958209018711763
249,SFQCAQLKQHA,0.6739898206931042
250,SFQCAQLRQHA,0.582501944238267
251,SFQCAQLLQHA,0.5846024309340223
252,SFQCAQLCQHA,0.5834226916556527
253,SFQCAQLTQHA,0.5773690884779333
254,SFQPAQLKQHA,0.7359162975193304
255,SFQPAQLRQHA,0.6619093641518725
256,SFQPAQLLQHA,0.6692195318188477
257,SFQPAQLCQHA,0.6765567743724589
258,SFQPAQLTQHA,0.5942637080729738
259,SFQTAQLSKHA,0.6805898858235762
260,SFQTAQLSAHA,0.5468156067371587
261,SFQQAQLSKHA,0.5377394690854741
262,SFQLAQLSKHA,0.5149473865428983
263,SFQLAQLSRHA,0.4231878248583331
264,SFQLAQLSAHA,0.3811731074564809
265,SFQAAQLSKHA,0.5270154585226988
266,SFQAAQLSAHA,0.3932411794362814
267,SFQCAQLSKHA,0.5584345059815442
268,SFQCAQLSAHA,0.4246602268951268
269,SFQPAQLSKHA,0.6772392014783623
270,SFQQAQLSQYA,0.4698812228566519
271,SFQAAQLSQFA,0.4978385972938254
272,SFQAAQLSQYA,0.45915721229387674
273,SFQCAQLSQYA,0.490576259752722
274,SFQPAQLSQFA,0.6480623402494889
275,SFQPAQLSQYA,0.6093809552495402
276,SFQTAQLSQHS,0.6558880914320757
277,SFQQAQLSQHS,0.5130376746939738
278,SFQLAQLSQHS,0.4902455921513981
279,SFQAAQLSQHS,0.5023136641311986
280,SFQHAQLSQHS,0.5532803280588456
281,SFQCAQLSQHS,0.5337327115900439
282,SFQPAQLSQHS,0.6525374070868621
283,SFQRMRLSQHA,0.5631930204299238
284,SFQRIRLSQHA,0.5386695118123443
285,SFQRMQISQHA,0.6120022882746559
286,SFQRMQQSQHA,0.6898092311892516
287,SFQRMQVSQHA,0.6577375886513268
288,SFQRIQISQHA,0.5669101887000693
289,SFQRIQQSQHA,0.6447171316146652
290,SFQRIQVSQHA,0.6126454890767403
291,SFQRMQLKQHA,0.7189279575849677
292,SFQRMQLRQHA,0.6879766984109202
293,SFQRMQLLQHA,0.6568001232757269
294,SFQRMQLCQHA,0.5858242354800745
295,SFQRMQLTQHA,0.6024976352687627
296,SFQRIQLKQHA,0.6738358580103813
297,SFQRIQLRQHA,0.6428845988363339
298,SFQRIQLLQHA,0.6117080237011403
299,SFQRIQLCQHA,0.540732135905488
300,SFQRIQLTQHA,0.5574055356941762
301,SFQRMQLSRHA,0.5824260875166911
302,SFQRMQLSAHA,0.540411370114839
303,SFQRIQLSKHA,0.6290935496266697
304,SFQRMQLSQFA,0.5867699137528319
305,SFQRMQLSQYA,0.583079598402029
306,SFQRIQLSQFA,0.5932148731252819
307,SFQRIQLSQYA,0.5430582571843284
308,SFQRMQLSQHS,0.6494838548097561
309,SFQRIQLSQHS,0.6043917552351696
310,SFQRARISQHA,0.49160366063645833
311,SFQRARQSQHA,0.5694106035510541
312,SFQRARVSQHA,0.5373389610131293
313,SFQRARLKQHA,0.5985293299467702
314,SFQRARLRQHA,0.5675780707727228
315,SFQRARLLQHA,0.5364014956375294
316,SFQRARLCQHA,0.465425607841877
317,SFQRARLTQHA,0.482099007630565
318,SFQRARLSKHA,0.5537870215630588
319,SFQRARLSRHA,0.46202745987849353
320,SFQRARLSAHA,0.4200127424766414
321,SFQRARLSQFA,0.5246101603341854
322,SFQRARLSQYA,0.4859287753342367
323,SFQRARLSQHS,0.5354126814544826
324,SFQRAQIKQHA,0.7039553370035734
325,SFQRAQIRQHA,0.673004077829526
326,SFQRAQILQHA,0.6418275026943324
327,SFQRAQICQHA,0.5708516148986802
328,SFQRAQITQHA,0.5875250146873684
329,SFQRAQQKQHA,0.7817622799181692
330,SFQRAQQRQHA,0.7508110207441218
331,SFQRAQQLQHA,0.7196344456089284
332,SFQRAQQCQHA,0.6486585578132759
333,SFQRAQQTQHA,0.6653319576019642
334,SFQRAQVKQHA,0.7496906373802443
335,SFQRAQVRQHA,0.7187393782061969
336,SFQRAQVLQHA,0.6875628030710036
337,SFQRAQVCQHA,0.6165869152753511
338,SFQRAQVTQHA,0.6332603150640393
339,SFQRAQISKHA,0.659213028619862
340,SFQRAQISAHA,0.5254387495334447
341,SFQRAQQSKHA,0.737019971534458
342,SFQRAQQSRHA,0.6452604098498926
343,SFQRAQVSKHA,0.7049483289965331
344,SFQRAQVSAHA,0.5711740499101157
345,SFQRAQISQFA,0.6300361673909887
346,SFQRAQISQYA,0.59135478239104
347,SFQRAQQSQFA,0.7078431103055844
348,SFQRAQQSQYA,0.6691617253056358
349,SFQRAQVSQFA,0.6757714677676596
350,SFQRAQVSQYA,0.637090082767711
351,SFQRAQISQHS,0.6345112342283618
352,SFQRAQQSQHS,0.7123181771429575
353,SFQRAQVSQHS,0.6802465346050327
354,SFQRAQLKKHA,0.7324186626266634
355,SFQRAQLKRHA,0.612232015029885
356,SFQRAQLRKHA,0.6921314548409451
357,SFQRAQLRAHA,0.649064529727587
358,SFQRAQLLKHA,0.6466990329810542
359,SFQRAQLLRHA,0.6039311108638732
360,SFQRAQLCKHA,0.5663523730087525
361,SFQRAQLCAHA,0.5246262385396591
362,SFQRAQLTKHA,0.6032469311550094
363,SFQRAQLKQFA,0.7369618367013004
364,SFQRAQLKQYA,0.6982804517013519
365,SFQRAQLRQFA,0.7060105775272532
366,SFQRAQLRQYA,0.6673291925273044
367,SFQRAQLLQFA,0.6748340023920597
368,SFQRAQLLQYA,0.6361526173921109
369,SFQRAQLCQFA,0.6038581145964073
370,SFQRAQLCQYA,0.5651767295964586
371,SFQRAQLTQFA,0.6205315143850956
372,SFQRAQLTQYA,0.5818501293851468
373,SFQRAQLKQHS,0.6103123266685946
374,SFQRAQLRQHS,0.6290375380101838
375,SFQRAQLLQHS,0.6239787605787211
376,SFQRAQLCQHS,0.5569534901911083
377,SFQRAQLTQHS,0.6432768002971212
378,SFQRAQLSKFA,0.6922195283175893
379,SFQRAQLSKYA,0.6535381433176405
380,SFQRAQLSAFA,0.5584452492311718
381,SFQRAQLSAYA,0.5197638642312231
382,SFQRAQLSKHS,0.6966945951549625
383,SFQRAQLSRHS,0.604935033470397
384,SFQRAQLSAHS,0.562920316068545
385,SFQRAQLSQFS,0.6675177339260889
386,SFQRAQLSQYS,0.6288363489261403
387,WANRAQLSQHA,0.6391913979299945
388,WAGRAQLSQHA,0.5800106723649732
389,WQNRAQLSQHA,0.5954477517658749
390,WQGRAQLSQHA,0.5362670262008536
391,WWNRAQLSQHA,0.5285218630282723
392,WWGRAQLSQHA,0.46934113746325107
393,WAQTAQLSQHA,0.6248726072822353
394,WAQLAQLSQHA,0.4364579032037074
395,WAQAAQLSQHA,0.47169242484309615
396,WAQHAQLSQHA,0.502128233234279
397,WAQCAQLSQHA,0.551609287583135
398,WAQPAQLSQHA,0.6364591241826729
399,WQQTAQLSQHA,0.5818979427266746
400,WQQQAQLSQHA,0.48107938693860164
401,WQQAAQLSQHA,0.43552852558324734
402,WQQHAQLSQHA,0.5092059899071435
403,WQQCAQLSQHA,0.5202588691282011
404,WWQTAQLSQHA,0.5920997583069654
405,WWQQAQLSQHA,0.40017943750699225
406,WWQLAQLSQHA,0.37605666147873246
407,WWQAAQLSQHA,0.4586161052963242
408,WWQHAQLSQHA,0.4293495645677396
409,WWQCAQLSQHA,0.4466952771293796
410,WAQRMQLSQHA,0.629820543300178
411,WAQRIQLSQHA,0.5847284437255915
412,WQQRMQLSQHA,0.5860768971360584
413,WWQRMQLSQHA,0.5191510083984557
414,WWQRIQLSQHA,0.4740589088238693
415,WAQRARLSQHA,0.5094219156619806
416,WQQRARLSQHA,0.4656782694978609
417,WWQRARLSQHA,0.3987523807602583
418,WAQRAQISQHA,0.6334944615606621
419,WAQRAQQSQHA,0.6173106778838902
420,WAQRAQVSQHA,0.6279568748380547
421,WQQRAQISQHA,0.5821663816347312
422,WQQRAQQSQHA,0.5657304050019099
423,WQQRAQVSQHA,0.5933130478951111
424,WWQRAQISQHA,0.4917794367072551
425,WWQRAQQSQHA,0.5489950827914188
426,WWQRAQVSQHA,0.5457734368177081
427,WAQRAQLKQHA,0.756084269292479
428,WAQRAQLRQHA,0.683000970489456
429,WAQRAQLLQHA,0.6786132801378791
430,WAQRAQLCQHA,0.6325679536709455
431,WAQRAQLTQHA,0.6226137250184703
432,WQQRAQLKQHA,0.7123406231283592
433,WQQRAQLRQHA,0.6392573243253362
434,WQQRAQLLQHA,0.6348696339737596
435,WQQRAQLCQHA,0.5888243075068259
436,WQQRAQLTQHA,0.5788700788543507
437,WWQRAQLKQHA,0.6454147343907567
438,WWQRAQLLQHA,0.5679437452361569
439,WWQRAQLCQHA,0.5218984187692233
440,WAQRAQLSKHA,0.6547858186042771
441,WAQRAQLSAHA,0.578326403881547
442,WQQRAQLSKHA,0.6110421724401575
443,WWQRAQLSKHA,0.5441162837025549
444,WAQRAQLSQYA,0.6091730374165621
445,WQQRAQLSQYA,0.5654293912524425
446,WWQRAQLSQFA,0.5371848875147885
447,WWQRAQLSQYA,0.4985035025148399
448,WAQRAQLSQHS,0.652329489253884
449,WQQRAQLSQHS,0.6085858430897644
450,WWQRAQLSQHS,0.5416599543521617
451,WFNQAQLSQHA,0.3919416360090345
452,WFNLAQLSQHA,0.40949550852792244
453,WFNAAQLSQHA,0.4290563211893714
454,WFNHAQLSQHA,0.44600606672010357
455,WFNCAQLSQHA,0.4061234094931694
456,WFNPAQLSQHA,0.5022303706482388
457,WFGTAQLSQHA,0.5274864279898426
458,WFGQAQLSQHA,0.4234543822257137
459,WFGLAQLSQHA,0.4713551353406016
460,WFGAAQLSQHA,0.4512822228021363
461,WFGHAQLSQHA,0.4642873536541479
462,WFGCAQLSQHA,0.44407200411959563
463,WFGPAQLSQHA,0.4995713823355826
464,WFNRMQLSQHA,0.5696945707572822
465,WFNRIQLSQHA,0.5246024711826958
466,WFGRMQLSQHA,0.510513845192261
467,WFGRIQLSQHA,0.4654217456176745
468,WFNRARLSQHA,0.4492959431190848
469,WFGRARLSQHA,0.3901152175540635
470,WFNRAQISQHA,0.554721950175888
471,WFNRAQQSQHA,0.6325288930904838
472,WFNRAQVSQHA,0.6004572505525589
473,WFGRAQISQHA,0.4955412246108667
474,WFGRAQQSQHA,0.5733481675254625
475,WFGRAQVSQHA,0.5412765249875376
476,WFNRAQLKQHA,0.6959582967495831
477,WFNRAQLRQHA,0.6228749979465602
478,WFNRAQLLQHA,0.6184873075949834
479,WFNRAQLCQHA,0.5724419811280498
480,WFNRAQLTQHA,0.5624877524755747
481,WFGRAQLKQHA,0.6367775711845618
482,WFGRAQLRQHA,0.5636942723815389
483,WFGRAQLLQHA,0.5593065820299621
484,WFGRAQLCQHA,0.5132612555630285
485,WFGRAQLTQHA,0.5033070269105534
486,WFNRAQLSKHA,0.5946598460613814
487,WFNRAQLSRHA,0.5405089143104815
488,WFNRAQLSAHA,0.5182004313386512
489,WFGRAQLSKHA,0.5354791204963602
490,WFGRAQLSRHA,0.48132818874546024
491,WFNRAQLSQFA,0.587728449873615
492,WFNRAQLSQYA,0.5490470648736664
493,WFGRAQLSQFA,0.5285477243085938
494,WFGRAQLSQYA,0.4898663393086451
495,WFNRAQLSQHS,0.5922035167109883
496,WFGRAQLSQHS,0.533022791145967
497,WFQTMQLSQHA,0.5667279527497855
498,WFQTIQLSQHA,0.5216358531751989
499,WFQQMQLSQHA,0.42387753601168343
500,WFQQIQLSQHA,0.3787854364370969
501,WFQLMQLSQHA,0.40108545346910773
502,WFQLIQLSQHA,0.35599335389452125
503,WFQAMQLSQHA,0.4131535254489082
504,WFQAIQLSQHA,0.3680614258743217
505,WFQHMQLSQHA,0.4641201893765553
506,WFQCMQLSQHA,0.44457257290775354
507,WFQCIQLSQHA,0.399480473333167
508,WFQPMQLSQHA,0.5633772684045717
509,WFQPIQLSQHA,0.5182851688299852
510,WFQTARLSQHA,0.4463293251115879
511,WFQQARLSQHA,0.3034789083734859
512,WFQLARLSQHA,0.2806868258309102
513,WFQAARLSQHA,0.2927548978107107
514,WFQHARLSQHA,0.3437215617383578
515,WFQCARLSQHA,0.324173945269556
516,WFQPARLSQHA,0.4429786407663741
517,WFQTAQISQHA,0.5517553321683911
518,WFQTAQQSQHA,0.629562275082987
519,WFQTAQVSQHA,0.5974906325450621
520,WFQQAQISQHA,0.4089049154302891
521,WFQQAQQSQHA,0.486711858344885
522,WFQQAQVSQHA,0.45464021580696007
523,WFQLAQISQHA,0.3861128328877134
524,WFQLAQQSQHA,0.46391977580230925
525,WFQLAQVSQHA,0.4318481332643845
526,WFQAAQISQHA,0.39818090486751384
527,WFQAAQQSQHA,0.47598784778210973
528,WFQAAQVSQHA,0.44391620524418496
529,WFQHAQISQHA,0.449147568795161
530,WFQHAQQSQHA,0.5269545117097569
531,WFQHAQVSQHA,0.49488286917183194
532,WFQCAQISQHA,0.4295999523263592
533,WFQCAQQSQHA,0.5074068952409552
534,WFQCAQVSQHA,0.4753352527030302
535,WFQPAQISQHA,0.5484046478231773
536,WFQPAQQSQHA,0.6262115907377732
537,WFQPAQVSQHA,0.5941399481998485
538,WFQTAQLKQHA,0.6394695362284775
539,WFQTAQLLQHA,0.5753409007714702
540,WFQTAQLCQHA,0.6355309829149239
541,WFQTAQLTQHA,0.49074697629650005
542,WFQQAQLKQHA,0.6313712095823664
543,WFQQAQLRQHA,0.5514011281656696
544,WFQQAQLLQHA,0.5484410561244552
545,WFQQAQLCQHA,0.5062076603357081
546,WFQQAQLTQHA,0.4652015781535651
547,WFQLAQLKQHA,0.6244147056275943
548,WFQLAQLRQHA,0.537850081204792
549,WFQLAQLLQHA,0.5223368000401737
550,WFQLAQLCQHA,0.5008941446331453
551,WFQLAQLTQHA,0.47157778107637643
552,WFQAAQLKQHA,0.6379637647554205
553,WFQAAQLRQHA,0.5357225303561568
554,WFQAAQLLQHA,0.5318218648383181
555,WFQAAQLCQHA,0.522610611179826
556,WFQAAQLTQHA,0.4732794393482606
557,WFQHAQLKQHA,0.6589093032740817
558,WFQHAQLRQHA,0.5218629580609702
559,WFQHAQLLQHA,0.545359545947937
560,WFQHAQLCQHA,0.5670036830398576
561,WFQHAQLTQHA,0.4464401644481717
562,WFQCAQLKQHA,0.6416493052279031
563,WFQCAQLRQHA,0.5080293891440903
564,WFQCAQLLQHA,0.5369187606234624
565,WFQCAQLCQHA,0.5606695826738115
566,WFQCAQLTQHA,0.5279883510549289
567,WFQPAQLKQHA,0.7035757820541293
568,WFQPAQLRQHA,0.5874368090576959
569,WFQPAQLLQHA,0.6215358615082878
570,WFQPAQLCQHA,0.6538036653906176
571,WFQPAQLTQHA,0.5448829706499693
572,WFQTAQLSKHA,0.5916932280538846
573,WFQTAQLSRHA,0.5375422963029847
574,WFQTAQLSAHA,0.5152338133311544
575,WFQQAQLSKHA,0.4488428113157825
576,WFQQAQLSRHA,0.3946918795648827
577,WFQQAQLSAHA,0.3723833965930524
578,WFQLAQLSKHA,0.42605072877320677
579,WFQLAQLSRHA,0.371899797022307
580,WFQAAQLSKHA,0.43811880075300724
581,WFQHAQLSKHA,0.4890854646806544
582,WFQHAQLSRHA,0.4349345329297547
583,WFQHAQLSAHA,0.41262604995792423
584,WFQCAQLSKHA,0.4695378482118526
585,WFQCAQLSRHA,0.41538691646095294
586,WFQCAQLSAHA,0.39307843348912247
587,WFQPAQLSKHA,0.5883425437086708
588,WFQPAQLSRHA,0.534191611957771
589,WFQTAQLSQFA,0.5847618318661183
590,WFQTAQLSQYA,0.5460804468661696
591,WFQQAQLSQFA,0.44191141512801624
592,WFQQAQLSQYA,0.4032300301280676
593,WFQLAQLSQFA,0.41911933258544054
594,WFQLAQLSQYA,0.3804379475854919
595,WFQAAQLSQFA,0.4311874045652411
596,WFQAAQLSQYA,0.39250601956529235
597,WFQHAQLSQFA,0.48215406849288817
598,WFQHAQLSQYA,0.44347268349293945
599,WFQCAQLSQFA,0.46260645202408635
600,WFQCAQLSQYA,0.4239250670241377
601,WFQPAQLSQFA,0.5814111475209045
602,WFQPAQLSQYA,0.5427297625209558
603,WFQTAQLSQHS,0.5892368987034914
604,WFQQAQLSQHS,0.4463864819653894
605,WFQLAQLSQHS,0.42359439942281374
606,WFQAAQLSQHS,0.43566247140261416
607,WFQHAQLSQHS,0.48662913533026125
608,WFQCAQLSQHS,0.4670815188614595
609,WFQPAQLSQHS,0.5858862143582777
610,WFQRMRLSQHA,0.4965418277013395
611,WFQRIRLSQHA,0.47201831908376
612,WFQRMQISQHA,0.5453510955460714
613,WFQRMQQSQHA,0.6231580384606673
614,WFQRMQVSQHA,0.5910863959227425
615,WFQRIQISQHA,0.5002589959714849
616,WFQRIQQSQHA,0.5780659388860807
617,WFQRIQVSQHA,0.545994296348156
618,WFQRMQLKQHA,0.6865874421197666
619,WFQRMQLRQHA,0.6135041433167437
620,WFQRMQLLQHA,0.6091164529651669
621,WFQRMQLCQHA,0.5630711264982333
622,WFQRMQLTQHA,0.553116897845758
623,WFQRIQLKQHA,0.6414953425451801
624,WFQRIQLRQHA,0.5684120437421571
625,WFQRIQLLQHA,0.5640243533905804
626,WFQRIQLCQHA,0.5179790269236467
627,WFQRIQLTQHA,0.5080247982711715
628,WFQRMQLSKHA,0.5852889914315648
629,WFQRMQLSRHA,0.5311380596806651
630,WFQRMQLSAHA,0.5088295767088348
631,WFQRIQLSKHA,0.5401968918569783
632,WFQRMQLSQFA,0.5201187210242476
633,WFQRMQLSQYA,0.5164284056734447
634,WFQRIQLSQFA,0.5265636803966974
635,WFQRIQLSQYA,0.4764070644557441
636,WFQRMQLSQHS,0.5828326620811718
637,WFQRIQLSQHS,0.5377405625065852
638,WFQRARISQHA,0.42495246790787394
639,WFQRARQSQHA,0.5027594108224697
640,WFQRARVSQHA,0.47068776828454495
641,WFQRARLKQHA,0.5661888144815691
642,WFQRARLRQHA,0.49310551567854616
643,WFQRARLLQHA,0.4887178253269695
644,WFQRARLCQHA,0.44267249886003573
645,WFQRARLTQHA,0.4327182702075605
646,WFQRARLSKHA,0.4648903637933674
647,WFQRARLSRHA,0.4107394320424675
648,WFQRARLSAHA,0.3884309490706372
649,WFQRARLSQFA,0.457958967605601
650,WFQRARLSQYA,0.41927758260565234
651,WFQRARLSQHS,0.46876148872589823
652,WFQRAQIKQHA,0.6716148215383723
653,WFQRAQIRQHA,0.5985315227353494
654,WFQRAQILQHA,0.5941438323837727
655,WFQRAQITQHA,0.5381442772643639
656,WFQRAQQKQHA,0.749421764452968
657,WFQRAQQRQHA,0.6763384656499453
658,WFQRAQQLQHA,0.6719507752983684
659,WFQRAQQCQHA,0.6259054488314348
660,WFQRAQQTQHA,0.6159512201789595
661,WFQRAQVKQHA,0.7173501219150432
662,WFQRAQVRQHA,0.6442668231120203
663,WFQRAQVLQHA,0.6398791327604436
664,WFQRAQVCQHA,0.5938338062935099
665,WFQRAQVTQHA,0.5838795776410348
666,WFQRAQISKHA,0.5703163708501706
667,WFQRAQISRHA,0.5161654390992707
668,WFQRAQQSKHA,0.6481233137647663
669,WFQRAQQSRHA,0.5939723820138666
670,WFQRAQQSAHA,0.5716638990420363
671,WFQRAQVSKHA,0.6160516712268416
672,WFQRAQVSRHA,0.5619007394759417
673,WFQRAQVSAHA,0.5395922565041114
674,WFQRAQISQFA,0.5633849746624042
675,WFQRAQISQYA,0.5247035896624556
676,WFQRAQQSQFA,0.6411919175770001
677,WFQRAQQSQYA,0.6025105325770514
678,WFQRAQVSQFA,0.6091202750390753
679,WFQRAQVSQYA,0.5704388900391266
680,WFQRAQISQHS,0.5678600414997774
681,WFQRAQQSQHS,0.6456669844143732
682,WFQRAQVSQHS,0.6135953418764484
683,WFQRAQLKKHA,0.6778326821203552
684,WFQRAQLRKHA,0.5954134347056613
685,WFQRAQLRAHA,0.6096613739559904
686,WFQRAQLLKHA,0.5767698976293871
687,WFQRAQLLAHA,0.6160172067801878
688,WFQRAQLCKHA,0.521353798985804
689,WFQRAQLCRHA,0.573859216748378
690,WFQRAQLCAHA,0.5369425288803978
691,WFQRAQLTKHA,0.5316207286908976
692,WFQRAQLTRHA,0.5285684070257287
693,WFQRAQLTAHA,0.485835289857277
694,WFQRAQLKQFA,0.7046213212360994
695,WFQRAQLKQYA,0.6659399362361508
696,WFQRAQLRQFA,0.6315380224330766
697,WFQRAQLRQYA,0.5928566374331279
698,WFQRAQLLQFA,0.6271503320814997
699,WFQRAQLLQYA,0.5884689470815511
700,WFQRAQLCQFA,0.5811050056145661
701,WFQRAQLCQYA,0.5424236206146175
702,WFQRAQLTQFA,0.5711507769620909
703,WFQRAQLTQYA,0.5324693919621422
704,WFQRAQLKQHS,0.5779718112033935
705,WFQRAQLRQHS,0.5545649829160072
706,WFQRAQLLQHS,0.5762950902681613
707,WFQRAQLCQHS,0.5342003812092672
708,WFQRAQLTQHS,0.5938960628741167
709,WFQRAQLSKFA,0.6033228705478977
710,WFQRAQLSKYA,0.5646414855479489
711,WFQRAQLSRFA,0.5491719387969979
712,WFQRAQLSRYA,0.5104905537970491
713,WFQRAQLSAFA,0.5268634558251676
714,WFQRAQLSAYA,0.48818207082521886
715,WFQRAQLSKHS,0.6077979373852709
716,WFQRAQLSRHS,0.553647005634371
717,WFQRAQLSAHS,0.5313385226625407
718,WFQRAQLSQFS,0.6008665411975046
719,WFQRAQLSQYS,0.5621851561975558
720,SANTAQLSQHA,0.7090343352428702
721,SANLAQLSQHA,0.5154123229124102
722,SANAAQLSQHA,0.5581395852334475
723,SANHAQLSQHA,0.5545584752277155
724,SANCAQLSQHA,0.5837044888184392
725,SANPAQLSQHA,0.6458565910762283
726,SAGTAQLSQHA,0.6561754471721807
727,SAGQAQLSQHA,0.563781408522659
728,SAGLAQLSQHA,0.5772719497250894
729,SAGAAQLSQHA,0.5803654868462124
730,SAGHAQLSQHA,0.5728397621617598
731,SAGCAQLSQHA,0.6216530834448653
732,SAGPAQLSQHA,0.6431976027635721
733,SQNTAQLSQHA,0.6660596706873094
734,SQNQAQLSQHA,0.519687851585841
735,SQNLAQLSQHA,0.4950335147905605
736,SQNAAQLSQHA,0.5219756859735989
737,SQNCAQLSQHA,0.552354070363505
738,SQNPAQLSQHA,0.5773191845866438
739,SQGTAQLSQHA,0.6132007826166199
740,SQGQAQLSQHA,0.5512005978025202
741,SQGLAQLSQHA,0.5568931416032397
742,SQGAAQLSQHA,0.5442015875863637
743,SQGHAQLSQHA,0.5799175188346243
744,SQGCAQLSQHA,0.5903026649899312
745,SQGPAQLSQHA,0.5746601962739875
746,SWNTAQLSQHA,0.6762614862676001
747,SWNQAQLSQHA,0.4387879021542316
748,SWNLAQLSQHA,0.45501108118743544
749,SWNAAQLSQHA,0.5450632656866756
750,SWNHAQLSQHA,0.4817798065611761
751,SWNCAQLSQHA,0.47879047836468375
752,SWNPAQLSQHA,0.5536729632239703
753,SWGTAQLSQHA,0.6234025981969106
754,SWGQAQLSQHA,0.47030064837091073
755,SWGAAQLSQHA,0.5672891672994405
756,SWGHAQLSQHA,0.5000610934952204
757,SWGCAQLSQHA,0.51673907299111
758,SWGPAQLSQHA,0.5510139749113141
759,SANRMQLSQHA,0.7097357625798827
760,SANRIQLSQHA,0.6646436630052962
761,SAGRMQLSQHA,0.6505550370148614
762,SAGRIQLSQHA,0.6054629374402749
763,SQNRMQLSQHA,0.6659921164157632
764,SQNRIQLSQHA,0.6209000168411766
765,SQGRMQLSQHA,0.6068113908507419
766,SQGRIQLSQHA,0.5617192912761553
767,SWNRMQLSQHA,0.5990662276781605
768,SWNRIQLSQHA,0.553974128103574
769,SWGRMQLSQHA,0.5398855021131392
770,SWGRIQLSQHA,0.4947934025385527
771,SANRARLSQHA,0.5893371349416852
772,SAGRARLSQHA,0.5301564093766639
773,SQNRARLSQHA,0.5455934887775654
774,SQGRARLSQHA,0.4864127632125442
775,SANRAQISQHA,0.7134096808403667
776,SANRAQQSQHA,0.6972258971635947
777,SAGRAQISQHA,0.6542289552753454
778,SAGRAQQSQHA,0.6380451715985734
779,SAGRAQVSQHA,0.6486913685527381
780,SQNRAQISQHA,0.662081600914436
781,SQNRAQQSQHA,0.6456456242816144
782,SQNRAQVSQHA,0.6732282671748158
783,SQGRAQISQHA,0.6029008753494147
784,SQGRAQQSQHA,0.5864648987165931
785,SQGRAQVSQHA,0.6140475416097945
786,SWNRAQISQHA,0.5716946559869597
787,SWNRAQQSQHA,0.6289103020711236
788,SWNRAQVSQHA,0.6256886560974129
789,SWGRAQISQHA,0.5125139304219384
790,SWGRAQQSQHA,0.5697295765061023
791,SWGRAQVSQHA,0.5665079305323916
792,SANRAQLKQHA,0.8016888113088002
793,SANRAQLRQHA,0.7707375521347527
794,SANRAQLLQHA,0.7395609769995595
795,SANRAQLCQHA,0.668585089203907
796,SANRAQLTQHA,0.6852584889925952
797,SAGRAQLKQHA,0.742508085743779
798,SAGRAQLRQHA,0.7115568265697315
799,SAGRAQLLQHA,0.6803802514345382
800,SAGRAQLCQHA,0.6094043636388857
801,SAGRAQLTQHA,0.6260777634275739
802,SQNRAQLKQHA,0.7579451651446806
803,SQNRAQLRQHA,0.7269939059706333
804,SQNRAQLLQHA,0.6958173308354397
805,SQNRAQLCQHA,0.6248414430397875
806,SQNRAQLTQHA,0.6415148428284755
807,SQGRAQLKQHA,0.6987644395796593
808,SQGRAQLRQHA,0.667813180405612
809,SQGRAQLLQHA,0.6366366052704184
810,SQGRAQLCQHA,0.5656607174747662
811,SQGRAQLTQHA,0.5823341172634543
812,SWNRAQLKQHA,0.6910192764070779
813,SWNRAQLCQHA,0.5579155543021848
814,SWNRAQLTQHA,0.574588954090873
815,SWGRAQLRQHA,0.6008872916680092
816,SWGRAQLCQHA,0.4987348287371636
817,SWGRAQLTQHA,0.5154082285258517
818,SANRAQLSRHA,0.6651869412405238
819,SANRAQLSAHA,0.6231722238386715
820,SAGRAQLSRHA,0.6060062156755025
821,SQNRAQLSKHA,0.7132028567609693
822,SQNRAQLSRHA,0.6214432950764041
823,SQNRAQLSAHA,0.579428577674552
824,SQGRAQLSKHA,0.654022131195948
825,SWNRAQLSKHA,0.6462769680233668
826,SWNRAQLSAHA,0.5125026889369493
827,SWGRAQLSKHA,0.5870962424583455
828,SWGRAQLSAHA,0.45332196337192804
829,SANRAQLSQFA,0.7277696416962155
830,SANRAQLSQYA,0.6890882566962668
831,SAGRAQLSQFA,0.6685889161311942
832,SAGRAQLSQYA,0.6299075311312455
833,SQNRAQLSQFA,0.684025995532096
834,SQNRAQLSQYA,0.6453446105321473
835,SQGRAQLSQFA,0.6248452699670747
836,SQGRAQLSQYA,0.586163884967126
837,SWNRAQLSQYA,0.5784187217945447
838,SWGRAQLSQFA,0.557919381229472
839,SANRAQLSQHS,0.7322447085335887
840,SAGRAQLSQHS,0.6730639829685674
841,SQNRAQLSQHS,0.6885010623694691
842,SQGRAQLSQHS,0.6293203368044478
843,SAQTMQLSQHA,0.6954169719321235
844,SAQTIQLSQHA,0.6503248723575369
845,SAQQMQLSQHA,0.5642045623086288
846,SAQLMQLSQHA,0.5070022678535957
847,SAQLIQLSQHA,0.46191016827900916
848,SAQHIQLSQHA,0.5275804983095806
849,SAQCMQLSQHA,0.6221536522330232
850,SAQPMQLSQHA,0.7070034888325611
851,SAQPIQLSQHA,0.6619113892579747
852,SQQTMQLSQHA,0.6524423073765627
853,SQQTIQLSQHA,0.6073502078019763
854,SQQQMQLSQHA,0.5516237515884899
855,SQQQIQLSQHA,0.5065316520139033
856,SQQLIQLSQHA,0.4415313601571593
857,SQQAMQLSQHA,0.5060728902331356
858,SQQAIQLSQHA,0.4609807906585491
859,SQQHMQLSQHA,0.5797503545570317
860,SQQHIQLSQHA,0.5346582549824452
861,SQQCMQLSQHA,0.5908032337780891
862,SQQCIQLSQHA,0.5457111342035027
863,SQQPMQLSQHA,0.6384660823429766
864,SQQPIQLSQHA,0.59337398276839
865,SWQTMQLSQHA,0.6626441229568534
866,SWQTIQLSQHA,0.617552023382267
867,SWQQMQLSQHA,0.47072380215688053
868,SWQQIQLSQHA,0.425631702582294
869,SWQLMQLSQHA,0.44660102612862074
870,SWQLIQLSQHA,0.4015089265540342
871,SWQAMQLSQHA,0.5291604699462124
872,SWQAIQLSQHA,0.48406837037162587
873,SWQHMQLSQHA,0.4998939292176278
874,SWQHIQLSQHA,0.45480182964304133
875,SWQCMQLSQHA,0.5172396417792678
876,SWQCIQLSQHA,0.47214754220468136
877,SWQPIQLSQHA,0.5697277614057167
878,SAQTARLSQHA,0.5750183442939258
879,SAQQARLSQHA,0.4438059346704313
880,SAQLARLSQHA,0.3866036402153981
881,SAQAARLSQHA,0.4218381618547867
882,SAQHARLSQHA,0.4522739702459697
883,SAQCARLSQHA,0.5017550245948256
884,SAQPARLSQHA,0.5866048611943635
885,SQQTARLSQHA,0.5320436797383652
886,SQQQARLSQHA,0.4312251239502922
887,SQQLARLSQHA,0.3662248320935483
888,SQQAARLSQHA,0.38567426259493803
889,SQQHARLSQHA,0.45935172691883425
890,SQQCARLSQHA,0.4704046061398916
891,SQQPARLSQHA,0.5180674547047791
892,SWQTARLSQHA,0.5422454953186558
893,SWQAARLSQHA,0.40876184230801477
894,SWQHARLSQHA,0.3794953015794303
895,SAQTAQISQHA,0.6990908901926075
896,SAQTAQQSQHA,0.6829071065158355
897,SAQQAQISQHA,0.5678784805691128
898,SAQQAQVSQHA,0.5623408938465055
899,SAQLAQVSQHA,0.5051385993914723
900,SAQAAQVSQHA,0.5403731210308609
901,SAQHAQISQHA,0.5763465161446513
902,SAQCAQISQHA,0.6258275704935072
903,SAQCAQQSQHA,0.6096437868167354
904,SAQPAQISQHA,0.7106774070930452
905,SAQPAQQSQHA,0.6944936234162733
906,SAQPAQVSQHA,0.7051398203704379
907,SQQTAQQSQHA,0.6320958152424142
908,SQQTAQVSQHA,0.6596784581356153
909,SQQQAQISQHA,0.5477132360871626
910,SQQQAQQSQHA,0.5312772594543412
911,SQQQAQVSQHA,0.5588599023475426
912,SQQLAQQSQHA,0.46627696759759724
913,SQQLAQVSQHA,0.4938596104907985
914,SQQAAQISQHA,0.5021623747318084
915,SQQAAQQSQHA,0.4857263980989869
916,SQQHAQISQHA,0.5758398390557046
917,SQQHAQVSQHA,0.5869865053160844
918,SQQCAQQSQHA,0.5704567416439406
919,SQQPAQISQHA,0.6345555668416494
920,SQQPAQVSQHA,0.6457022331020292
921,SWQTAQISQHA,0.6352725512656527
922,SWQTAQVSQHA,0.6892665513761057
923,SWQQAQQSQHA,0.5005678765498436
924,SWQLAQQSQHA,0.4764451005215839
925,SWQLAQVSQHA,0.47322345454787307
926,SWQAAQISQHA,0.5017888982550116
927,SWQAAQQSQHA,0.5590045443391755
928,SWQAAQVSQHA,0.5557828983654647
929,SWQHAQQSQHA,0.5297380036105911
930,SWQHAQVSQHA,0.5265163576368801
931,SWQCAQQSQHA,0.547083716172231
932,SWQPAQISQHA,0.5874482892891023
933,SWQPAQQSQHA,0.6446639353732663
934,SWQPAQVSQHA,0.6414422893995555
935,SAQTAQLKQHA,0.7338478781474321
936,SAQTAQLRQHA,0.6866953323201849
937,SAQTAQLLQHA,0.6850623975357837
938,SAQTAQLCQHA,0.720321918350519
939,SAQTAQLTQHA,0.6021655401732582
940,SAQQAQLKQHA,0.7373875586159285
941,SAQQAQLRQHA,0.6995495168282072
942,SAQQAQLLQHA,0.669800560003376
943,SAQQAQLCQHA,0.6026366028859101
944,SAQQAQLTQHA,0.5882581491449306
945,SAQLAQLKQHA,0.696020842748699
946,SAQLAQLRQHA,0.6515882579548724
947,SAQLAQLLQHA,0.6092860920066371
948,SAQLAQLCQHA,0.5629128752708901
949,SAQLAQLTQHA,0.5602241401552844
950,SAQAAQLKQHA,0.7327363515361132
951,SAQAAQLRQHA,0.6726271567658251
952,SAQAAQLLQHA,0.6419376064643697
953,SAQAAQLCQHA,0.6077957914771588
954,SAQAAQLTQHA,0.5850922480867567
955,SAQHAQLKQHA,0.7331510345183102
956,SAQHAQLLQHA,0.6349444320375244
957,SAQHAQLCQHA,0.6316580078007262
958,SAQHAQLTQHA,0.5377221176502038
959,SAQCAQLKQHA,0.7849197072897894
960,SAQCAQLRQHA,0.6934318308349522
961,SAQCAQLLQHA,0.6955323175307075
962,SAQCAQLCQHA,0.694352578252338
963,SAQCAQLTQHA,0.6882989750746188
964,SAQPAQLKQHA,0.8128913252187355
965,SAQPAQLRQHA,0.7388843918512774
966,SAQPAQLLQHA,0.7461945595182528
967,SAQPAQLCQHA,0.7535318020718639
968,SAQPAQLTQHA,0.6712387357723789
969,SQQTAQLLQHA,0.642087732980223
970,SQQTAQLCQHA,0.6773472537949581
971,SQQTAQLTQHA,0.5591908756176975
972,SQQQAQLKQHA,0.7248067478957894
973,SQQQAQLRQHA,0.6869687061080684
974,SQQQAQLLQHA,0.657219749283237
975,SQQQAQLCQHA,0.5900557921657712
976,SQQQAQLTQHA,0.5756773384247916
977,SQQLAQLKQHA,0.6756420346268491
978,SQQLAQLRQHA,0.6312094498330224
979,SQQLAQLLQHA,0.5889072838847873
980,SQQLAQLCQHA,0.5425340671490403
981,SQQLAQLTQHA,0.5398453320334347
982,SQQAAQLKQHA,0.6965724522762645
983,SQQAAQLRQHA,0.6364632575059764
984,SQQAAQLLQHA,0.605773707204521
985,SQQAAQLCQHA,0.5716318922173101
986,SQQAAQLTQHA,0.548928348826908
987,SQQHAQLKQHA,0.7402287911911748
988,SQQHAQLRQHA,0.6453144856070386
989,SQQHAQLLQHA,0.642022188710389
990,SQQHAQLCQHA,0.6387357644735907
991,SQQHAQLTQHA,0.5447998743230683
992,SQQCAQLKQHA,0.7535692888348554
993,SQQCAQLRQHA,0.6620814123800179
994,SQQCAQLLQHA,0.6641818990757735
995,SQQCAQLCQHA,0.6630021597974038
996,SQQCAQLTQHA,0.6569485566196845
997,SQQPAQLKQHA,0.7443539187291509
998,SQQPAQLRQHA,0.6703469853616931
999,SQQPAQLLQHA,0.6776571530286684
1000,SQQPAQLCQHA,0.6849943955822794
1001,SQQPAQLTQHA,0.6027013292827943
1002,SWQTAQLKQHA,0.7010750291721621
1003,SWQTAQLRQHA,0.6539224833449148
1004,SWQTAQLLQHA,0.6522895485605137
1005,SWQTAQLTQHA,0.5693926911979882
1006,SWQQAQLRQHA,0.606068756676459
1007,SWQQAQLLQHA,0.5763197998516276
1008,SWQQAQLCQHA,0.509155842734162
1009,SWQQAQLTQHA,0.49477738899318224
1010,SWQLAQLKQHA,0.6356196010237241
1011,SWQLAQLRQHA,0.5911870162298973
1012,SWQLAQLLQHA,0.548884850281662
1013,SWQLAQLCQHA,0.5025116335459152
1014,SWQLAQLTQHA,0.49982289843030947
1015,SWQAAQLKQHA,0.7196600319893413
1016,SWQAAQLLQHA,0.6288612869175978
1017,SWQAAQLCQHA,0.5947194719303869
1018,SWQAAQLTQHA,0.572015928539985
1019,SWQHAQLKQHA,0.6603723658517708
1020,SWQHAQLRQHA,0.5654580602676349
1021,SWQHAQLLQHA,0.5621657633709851
1022,SWQHAQLCQHA,0.5588793391341867
1023,SWQCAQLKQHA,0.6800056968360341
1024,SWQCAQLRQHA,0.5885178203811967
1025,SWQCAQLTQHA,0.5833849646208633
1026,SWQPAQLKQHA,0.7207076973664776
1027,SWQPAQLRQHA,0.6467007639990195
1028,SWQPAQLCQHA,0.661348174219606
1029,SAQTAQLSKHA,0.7426277122773296
1030,SAQQAQLSKHA,0.6114153026538349
1031,SAQQAQLSAHA,0.4776410235674177
1032,SAQLAQLSKHA,0.5542130081988019
1033,SAQLAQLSRHA,0.46245344651423675
1034,SAQAAQLSKHA,0.5894475298381905
1035,SAQAAQLSRHA,0.4976879681536253
1036,SAQPAQLSKHA,0.7542142291777675
1037,SQQTAQLSKHA,0.6996530477217691
1038,SQQQAQLSKHA,0.5988344919336961
1039,SQQQAQLSAHA,0.46506021284727866
1040,SQQLAQLSKHA,0.533834200076952
1041,SQQAAQLSKHA,0.5532836305783418
1042,SQQAAQLSRHA,0.4615240688937767
1043,SQQAAQLSAHA,0.4195093514919245
1044,SQQHAQLSKHA,0.6269610949022381
1045,SQQHAQLSRHA,0.5352015332176728
1046,SQQHAQLSAHA,0.49318681581582063
1047,SQQCAQLSKHA,0.6380139741232954
1048,SQQCAQLSAHA,0.504239695036878
1049,SAQAAQLSQYA,0.5215892836093684
1050,SAQHAQLSQFA,0.5907064770004999
1051,SAQCAQLSQFA,0.640187531349356
1052,SAQPAQLSQYA,0.6863559829489453
1053,SQQTAQLSQFA,0.6704761864928955
1054,SQQTAQLSQYA,0.6317948014929469
1055,SQQQAQLSQFA,0.5696576307048227
1056,SQQQAQLSQYA,0.530976245704874
1057,SQQLAQLSQYA,0.46597595384812995
1058,SQQHAQLSQYA,0.5591028486734159
1059,SQQCAQLSQYA,0.5701557278944732
1060,SQQPAQLSQYA,0.6178185764593608
1061,SWQTAQLSQFA,0.6806780020731863
1062,SWQTAQLSQYA,0.6419966170732375
1063,SWQLAQLSQFA,0.46463490524495354
1064,SWQAAQLSQFA,0.5471943490625452
1065,SWQAAQLSQYA,0.5085129640625965
1066,SWQHAQLSQFA,0.5179278083339607
1067,SWQHAQLSQYA,0.47924642333401196
1068,SWQCAQLSQYA,0.496592135895652
1069,SWQPAQLSQFA,0.632853740096636
1070,SWQPAQLSQYA,0.5941723550966873
1071,SAQTAQLSQHS,0.7179259178858295
1072,SAQLAQLSQHS,0.5295112138073016
1073,SAQAAQLSQHS,0.5647457354466902
1074,SAQCAQLSQHS,0.6446625981867292
1075,SAQPAQLSQHS,0.7295124347862671
1076,SQQTAQLSQHS,0.6749512533302687
1077,SQQQAQLSQHS,0.5741326975421956
1078,SQQAAQLSQHS,0.5285818361868415
1079,SQQRIRLSQHA,0.5683158647422407
1080,SWQRMRLSQHA,0.5259134846222177
1081,SWQRIRLSQHA,0.5013899760046382
1082,SAQRMQISQHA,0.7040388262105503
1083,SAQRMQQSQHA,0.6878550425337784
1084,SAQRMQVSQHA,0.698501239487943
1085,SAQRIQQSQHA,0.6427629429591918
1086,SAQRIQVSQHA,0.6534091399133565
1087,SQQRMQISQHA,0.6527107462846194
1088,SQQRIQQSQHA,0.5911826700772115
1089,SWQRMQISQHA,0.5623238013571432
1090,SWQRMQQSQHA,0.6195394474413072
1091,SWQRIQISQHA,0.5172317017825567
1092,SWQRIQVSQHA,0.5712257018930097
1093,SAQRMQLRQHA,0.7613666975049364
1094,SAQRMQLLQHA,0.730190122369743
1095,SAQRIQLLQHA,0.6850980227951564
1096,SAQRIQLTQHA,0.6307955347881923
1097,SQQRMQLRQHA,0.7176230513408167
1098,SQQRIQLRQHA,0.6725309517662302
1099,SQQRIQLLQHA,0.6413543766310368
1100,SWQRMQLKQHA,0.6816484217772615
1101,SWQRMQLRQHA,0.6506971626032141
1102,SWQRMQLLQHA,0.6195205874680206
1103,SWQRMQLCQHA,0.5485446996723683
1104,SWQRMQLTQHA,0.5652180994610565
1105,SWQRIQLLQHA,0.5744284878934341
1106,SWQRIQLCQHA,0.5034526000977818
1107,SAQRMQLSKHA,0.7475756482952725
1108,SAQRMQLSAHA,0.6138013692088551
1109,SAQRIQLSKHA,0.702483548720686
1110,SAQRIQLSRHA,0.6107239870361207
1111,SQQRMQLSKHA,0.7038320021311528
1112,SQQRMQLSRHA,0.6120724404465876
1113,SQQRMQLSAHA,0.5700577230447355
1114,SQQRIQLSRHA,0.566980340872001
1115,SWQRMQLSKHA,0.6369061133935502
1116,SWQRIQLSAHA,0.4580397347325463
1117,SAQRMQLSQFA,0.660159912846848
1118,SAQRMQLSQYA,0.6564695974960452
1119,SAQRIQLSQYA,0.6164482562783445
1120,SQQRMQLSQFA,0.6164162666827284
1121,SQQRMQLSQYA,0.6127259513319255
1122,SWQRMQLSQFA,0.5494903779451259
1123,SWQRIQLSQYA,0.5057787213766223
1124,SAQRMQLSQHS,0.7228738539037722
1125,SAQRIQLSQHS,0.6777817543291857
1126,SQQRMQLSQHS,0.6791302077396526
1127,SQQRARQSQHA,0.5158761420136004
1128,SWQRARISQHA,0.4419251737189457
1129,SWQRARQSQHA,0.4991408198031096
1130,SWQRARVSQHA,0.49591917382939865
1131,SAQRARLLQHA,0.6097914947315455
1132,SQQRARLKQHA,0.6281756828766665
1133,SQQRARLRQHA,0.5972244237026193
1134,SWQRARLRQHA,0.5302985349650167
1135,SWQRARLLQHA,0.49912195982982316
1136,SWQRARLCQHA,0.42814607203417077
1137,SWQRARLTQHA,0.4448194718228589
1138,SAQRARLSRHA,0.5354174589725097
1139,SQQRARLSAHA,0.44965909540653787
1140,SWQRARLSKHA,0.5165074857553527
1141,SQQRARLSQFA,0.5542565132640819
1142,SQQRARLSQYA,0.5155751282641332
1143,SWQRARLSQYA,0.44864923952653063
1144,SQQRAQVLQHA,0.6936826269646761
1145,SWQRAQICQHA,0.5211731279811675
1146,SWQRAQVSRHA,0.5717689801282373
1147,SAQRAQLKRHA,0.685622014123901
1148,SAQRAQLRAHA,0.722454528821603
1149,SAQRAQLLKHA,0.7200890320750702
1150,SAQRAQLTAHA,0.5735366270517177
1151,SQQRAQLKKHA,0.7620650155565599
1152,SQQRAQLKRHA,0.6418783679597813
1153,SQQRAQLKAHA,0.6687471993983523
1154,SQQRAQLRKHA,0.7217778077708416
1155,SQQRAQLRAHA,0.6787108826574835
1156,SQQRAQLCRHA,0.6108955137675575
1157,SQQRAQLCAHA,0.5542725914695555
1158,SQQRAQLTKHA,0.6328932840849059
1159,SQQRAQLTRHA,0.5922323324860714
1160,SQQRAQLTAHA,0.529792980887598
1161,SWQRAQLKKHA,0.6951391268189572
1162,SWQRAQLKAHA,0.6018213106607496
1163,SWQRAQLRRHA,0.6452652025060407
1164,SWQRAQLLRHA,0.5666515750561669
1165,SWQRAQLLAHA,0.5913519419604615
1166,SWQRAQLTKHA,0.5659673953473031
1167,SWQRAQLTAHA,0.4628670921499954
1168,SAQRAQLTQYA,0.6552401284791629
1169,SQQRAQLKQFA,0.7666081896311969
1170,SQQRAQLKQYA,0.7279268046312484
1171,SQQRAQLRQFA,0.7356569304571496
1172,SQQRAQLRQYA,0.6969755454572009
1173,SQQRAQLLQYA,0.6657989703220074
1174,SQQRAQLCQFA,0.6335044675263037
1175,SQQRAQLTQFA,0.6501778673149919
1176,SQQRAQLTQYA,0.6114964823150433
1177,SWQRAQLLQYA,0.5988730815844048
1178,SWQRAQLCQFA,0.5665785787887011
1179,SAQRAQLRQHS,0.7024275371041998
1180,SAQRAQLLQHS,0.6973687596727373
1181,SAQRAQLCQHS,0.6303434892851244
1182,SQQRAQLRQHS,0.6586838909400803
1183,SQQRAQLCQHS,0.5865998431210048
1184,SWQRAQLLQHS,0.586699224771015
1185,SWQRAQLCQHS,0.5196739543834022
1186,SAQRAQLSRFA,0.67384996572704
1187,SAQRAQLSRYA,0.6351685807270914
1188,SQQRAQLSKYA,0.683184496247537
1189,SQQRAQLSRFA,0.6301063195629205
1190,SQQRAQLSRYA,0.5914249345629717
1191,SQQRAQLSAFA,0.5880916021610683
1192,SQQRAQLSAYA,0.5494102171611196
1193,SWQRAQLSKYA,0.6162586075099342
1194,SWQRAQLSRFA,0.5631804308253178
1195,SWQRAQLSRYA,0.524499045825369
1196,SWQRAQLSAFA,0.5211657134234657
1197,SAQRAQLSKHS,0.7700845942489785
1198,SAQRAQLSRHS,0.6783250325644132
1199,SAQRAQLSAHS,0.636310315162561
1200,SQQRAQLSKHS,0.7263409480848587
1201,SQQRAQLSAHS,0.5925666689984413
1202,SWQRAQLSRHS,0.567655497662691
1203,SWQRAQLSAHS,0.5256407802608387
1204,SFNTMQLSQHA,0.6508896807104203
1205,SFNTIQLSQHA,0.6057975811358338
1206,SFNQMQLSQHA,0.4624860006589227
1207,SFNLMQLSQHA,0.4800398731778106
1208,SFNAMQLSQHA,0.4996006858392597
1209,SFNAIQLSQHA,0.45450858626467316
1210,SFNHMQLSQHA,0.5165504313699918
1211,SFNHIQLSQHA,0.4714583317954053
1212,SFNCMQLSQHA,0.47666777414305767
1213,SFNCIQLSQHA,0.4315756745684711
1214,SFNPMQLSQHA,0.5727747352981271
1215,SFNPIQLSQHA,0.5276826357235405
1216,SFGTIQLSQHA,0.5529386930651443
1217,SFGLMQLSQHA,0.5418994999904897
1218,SFGLIQLSQHA,0.4968074004159032
1219,SFGAMQLSQHA,0.5218265874520246
1220,SFGAIQLSQHA,0.47673448787743805
1221,SFGHMQLSQHA,0.5348317183040362
1222,SFGHIQLSQHA,0.48973961872944966
1223,SFGCMQLSQHA,0.5146163687694839
1224,SFGCIQLSQHA,0.46952426919489737
1225,SFGPIQLSQHA,0.5250236474108843
1226,SFNTARLSQHA,0.5304910530722228
1227,SFNQARLSQHA,0.34208737302072517
1228,SFNLARLSQHA,0.35964124553961313
1229,SFNAARLSQHA,0.3792020582010622
1230,SFNHARLSQHA,0.39615180373179426
1231,SFNPARLSQHA,0.4523761076599296
1232,SFGTARLSQHA,0.4776321650015333
1233,SFGQARLSQHA,0.3736001192374044
1234,SFGLARLSQHA,0.4215008723522923
1235,SFGHARLSQHA,0.4144330906658386
1236,SFGCARLSQHA,0.3942177411312864
1237,SFGPARLSQHA,0.4497171193472733
1238,SFNTAQISQHA,0.635917060129026
1239,SFNTAQQSQHA,0.7137240030436218
1240,SFNTAQVSQHA,0.681652360505697
1241,SFNQAQISQHA,0.4475133800775284
1242,SFNQAQQSQHA,0.5253203229921242
1243,SFNQAQVSQHA,0.49324868045419934
1244,SFNLAQISQHA,0.46506725259641635
1245,SFNLAQQSQHA,0.5428741955110121
1246,SFNLAQVSQHA,0.5108025529730873
1247,SFNAAQISQHA,0.4846280652578654
1248,SFNAAQQSQHA,0.5624350081724612
1249,SFNAAQVSQHA,0.5303633656345363
1250,SFNHAQISQHA,0.5015778107885974
1251,SFNHAQQSQHA,0.5793847537031932
1252,SFNHAQVSQHA,0.5473131111652685
1253,SFNCAQISQHA,0.46169515356166335
1254,SFNCAQQSQHA,0.5395020964762591
1255,SFNCAQVSQHA,0.5074304539383343
1256,SFNPAQISQHA,0.5578021147167326
1257,SFNPAQQSQHA,0.6356090576313286
1258,SFNPAQVSQHA,0.6035374150934038
1259,SFGTAQISQHA,0.5830581720583365
1260,SFGTAQQSQHA,0.6608651149729323
1261,SFGTAQVSQHA,0.6287934724350075
1262,SFGQAQISQHA,0.4790261262942076
1263,SFGQAQQSQHA,0.5568330692088034
1264,SFGQAQVSQHA,0.5247614266708786
1265,SFGLAQISQHA,0.5269268794090953
1266,SFGLAQQSQHA,0.6047338223236912
1267,SFGLAQVSQHA,0.5726621797857665
1268,SFGAAQISQHA,0.5068539668706302
1269,SFGAAQQSQHA,0.584660909785226
1270,SFGAAQVSQHA,0.5525892672473012
1271,SFGHAQISQHA,0.5198590977226418
1272,SFGHAQQSQHA,0.5976660406372376
1273,SFGHAQVSQHA,0.5655943980993128
1274,SFGCAQISQHA,0.4996437481880896
1275,SFGCAQQSQHA,0.5774506911026853
1276,SFGCAQVSQHA,0.5453790485647606
1277,SFGPAQISQHA,0.5551431264040764
1278,SFGPAQQSQHA,0.6329500693186723
1279,SFGPAQVSQHA,0.6008784267807475
1280,SFNTAQLKQHA,0.6893205869257291
1281,SFNTAQLLQHA,0.6405351063140805
1282,SFNTAQLCQHA,0.6757946271288158
1283,SFNTAQLTQHA,0.5576382489515551
1284,SFNQAQLKQHA,0.6356689969662224
1285,SFNQAQLRQHA,0.5978309551785012
1286,SFNQAQLCQHA,0.5009180412362042
1287,SFNQAQLTQHA,0.4865395874952246
1288,SFNLAQLKQHA,0.6690584480729139
1289,SFNLAQLRQHA,0.6246258632790872
1290,SFNLAQLLQHA,0.5823236973308521
1291,SFNLAQLCQHA,0.5359504805951051
1292,SFNAAQLKQHA,0.6901002478823887
1293,SFNAAQLLQHA,0.5993015028106451
1294,SFNAAQLCQHA,0.5651596878234343
1295,SFNAAQLTQHA,0.5424561444330321
1296,SFNHAQLKQHA,0.6770288680041348
1297,SFNHAQLRQHA,0.5821145624199988
1298,SFNHAQLLQHA,0.578822265523349
1299,SFNHAQLCQHA,0.5755358412865509
1300,SFNHAQLTQHA,0.4815999511360284
1301,SFNCAQLKQHA,0.6394338291998239
1302,SFNCAQLRQHA,0.5479459527449867
1303,SFNCAQLLQHA,0.550046439440742
1304,SFNCAQLCQHA,0.5488667001623724
1305,SFNCAQLTQHA,0.5428130969846531
1306,SFNPAQLKQHA,0.6786625716843013
1307,SFNPAQLRQHA,0.6046556383168434
1308,SFNPAQLLQHA,0.6119658059838187
1309,SFNPAQLCQHA,0.6193030485374298
1310,SFNPAQLTQHA,0.5370099822379447
1311,SFGTAQLKQHA,0.6364616988550396
1312,SFGTAQLRQHA,0.5893091530277922
1313,SFGTAQLLQHA,0.587676218243391
1314,SFGTAQLTQHA,0.5047793608808656
1315,SFGQAQLKQHA,0.6671817431829016
1316,SFGQAQLRQHA,0.6293437013951804
1317,SFGQAQLLQHA,0.599594744570349
1318,SFGQAQLCQHA,0.5324307874528834
1319,SFGQAQLTQHA,0.5180523337119038
1320,SFGLAQLRQHA,0.6864854900917664
1321,SFGLAQLLQHA,0.6441833241435311
1322,SFGLAQLTQHA,0.5951213722921787
1323,SFGAAQLKQHA,0.7123261494951535
1324,SFGAAQLLQHA,0.6215274044234099
1325,SFGHAQLKQHA,0.6953101549381792
1326,SFGHAQLRQHA,0.600395849354043
1327,SFGHAQLTQHA,0.49988123807007273
1328,SFGCAQLKQHA,0.6773824238262502
1329,SFGCAQLCQHA,0.5868152947887986
1330,SFGPAQLRQHA,0.6019966500041872
1331,SFGPAQLLQHA,0.6093068176711625
1332,SFGPAQLTQHA,0.5343509939252885
1333,SFNTAQLSKHA,0.6981004210556265
1334,SFNTAQLSRHA,0.6063408593710613
1335,SFNQAQLSKHA,0.509696741004129
1336,SFNLAQLSKHA,0.5272506135230168
1337,SFNAAQLSAHA,0.41303714709804856
1338,SFNHAQLSKHA,0.5637611717151981
1339,SFNHAQLSRHA,0.47200161003063285
1340,SFNHAQLSAHA,0.4299868926287807
1341,SFNCAQLSAHA,0.3901042354018465
1342,SFNPAQLSAHA,0.4862111965569158
1343,SFGTAQLSAHA,0.5114672538985198
1344,SFGQAQLSKHA,0.5412094872208082
1345,SFGQAQLSAHA,0.4074352081343908
1346,SFGLAQLSKHA,0.5891102403356959
1347,SFGLAQLSRHA,0.49735067865113075
1348,SFGAAQLSKHA,0.5690373277972307
1349,SFGCAQLSKHA,0.5618271091146902
1350,SFGCAQLSAHA,0.4280528300282728
1351,SFGPAQLSKHA,0.617326487330677
1352,SFGPAQLSRHA,0.5255669256461117
1353,SFNQAQLSQFA,0.4805198797752555
1354,SFNLAQLSQYA,0.4593923672941948
1355,SFNPAQLSQYA,0.5521272294145111
1356,SFGTAQLSQFA,0.6160646717560637
1357,SFGLAQLSQFA,0.5599333791068225
1358,SFGAAQLSQYA,0.5011790815684086
1359,SFGHAQLSQYA,0.5141842124204202
1360,SFGCAQLSQFA,0.5326502478858167
1361,SFGCAQLSQYA,0.49396886288586805
1362,SFNTAQLSQHS,0.6733986266641263
1363,SFNPAQLSQHS,0.5952836812518331
1364,SFGHAQLSQHS,0.5573406642577421
1365,SFGCAQLSQHS,0.5371253147231898
1366,SFGRMRLSQHA,0.517276321416023
1367,SFGRIRLSQHA,0.4927528127984434
1368,SFNRMQISQHA,0.6252663148257761
1369,SFNRMQQSQHA,0.703073257740372
1370,SFNRIQISQHA,0.5801742152511896
1371,SFNRIQQSQHA,0.6579811581657855
1372,SFNRIQVSQHA,0.6259095156278606
1373,SFGRMQISQHA,0.5660855892607549
1374,SFGRMQQSQHA,0.6438925321753507
1375,SFGRIQISQHA,0.5209934896861683
1376,SFGRIQQSQHA,0.5988004326007642
1377,SFNRIQLKQHA,0.6870998845615015
1378,SFNRIQLLQHA,0.6249720502522607
1379,SFNRIQLCQHA,0.5539961624566083
1380,SFNRIQLTQHA,0.5706695622452965
1381,SFGRMQLKQHA,0.6730112585710667
1382,SFGRMQLRQHA,0.6420599993970194
1383,SFGRMQLLQHA,0.6108834242618258
1384,SFGRMQLCQHA,0.5399075364661736
1385,SFGRMQLTQHA,0.5565809362548616
1386,SFGRIQLRQHA,0.5969678998224328
1387,SFGRIQLLQHA,0.5657913246872394
1388,SFGRIQLCQHA,0.4948154368915871
1389,SFGRIQLTQHA,0.5114888366802752
1390,SFNRMQLSKHA,0.6874496757523766
1391,SFNRMQLSRHA,0.5956901140678114
1392,SFNRIQLSKHA,0.6423575761777902
1393,SFGRMQLSKHA,0.6282689501873553
1394,SFGRIQLSRHA,0.4914172889282037
1395,SFNRIQLSQFA,0.6064788996764022
1396,SFGRMQLSQFA,0.540853214738931
1397,SFGRMQLSQYA,0.5371628993881282
1398,SFGRIQLSQFA,0.5472981741113809
1399,SFGRIQLSQYA,0.4971415581704276
1400,SFNRMQLSQHS,0.6627478813608764
1401,SFGRIQLSQHS,0.5584750562212686
1402,SFNRARISQHA,0.5048676871875786
1403,SFNRARQSQHA,0.5826746301021745
1404,SFNRARVSQHA,0.5506029875642495
1405,SFGRARISQHA,0.4456869616225573
1406,SFGRARQSQHA,0.5234939045371532
1407,SFGRARVSQHA,0.4914222619992282
1408,SFNRARLKQHA,0.6117933564978905
1409,SFNRARLRQHA,0.580842097323843
1410,SFNRARLLQHA,0.5496655221886496
1411,SFNRARLCQHA,0.47868963439299733
1412,SFNRARLTQHA,0.4953630341816854
1413,SFGRARLKQHA,0.5526126309328692
1414,SFGRARLSRHA,0.41611076086459264
1415,SFNRARLSQYA,0.4991928018853571
1416,SFNRARLSQHS,0.548676708005603
1417,SFGRARLSQHS,0.4894959824405817
1418,SFNRAQICQHA,0.5841156414498005
1419,SFNRAQQKQHA,0.7950263064692895
1420,SFNRAQQLQHA,0.7328984721600486
1421,SFNRAQQTQHA,0.6785959841530845
1422,SFNRAQVLQHA,0.7008268296221238
1423,SFNRAQVTQHA,0.6465243416151596
1424,SFGRAQIKQHA,0.6580386379896723
1425,SFGRAQILQHA,0.5959108036804316
1426,SFGRAQICQHA,0.5249349158847793
1427,SFGRAQITQHA,0.5416083156734673
1428,SFGRAQQRQHA,0.7048943217302208
1429,SFGRAQQCQHA,0.602741858799375
1430,SFGRAQVKQHA,0.7037739383663433
1431,SFGRAQVRQHA,0.6728226791922961
1432,SFGRAQVLQHA,0.6416461040571025
1433,SFGRAQVCQHA,0.5706702162614502
1434,SFGRAQVTQHA,0.5873436160501383
1435,SFNRAQISKHA,0.6724770551709823
1436,SFNRAQISRHA,0.5807174934864171
1437,SFNRAQVSAHA,0.5844380764612359
1438,SFGRAQISKHA,0.6132963296059611
1439,SFGRAQISAHA,0.47952205051954366
1440,SFGRAQQSKHA,0.691103272520557
1441,SFGRAQVSRHA,0.5672720682980669
1442,SFNRAQISQYA,0.6046188089421602
1443,SFNRAQQSQFA,0.7211071368567048
1444,SFNRAQQSQYA,0.6824257518567561
1445,SFNRAQVSQFA,0.6890354943187801
1446,SFGRAQISQFA,0.5841194683770877
1447,SFGRAQQSQYA,0.6232450262917348
1448,SFGRAQVSQFA,0.6298547687537588
1449,SFNRAQQSQHS,0.7255822036940779
1450,SFNRAQLKKHA,0.7456826891777837
1451,SFNRAQLKRHA,0.6254960415810052
1452,SFNRAQLKAHA,0.652364873019576
1453,SFNRAQLRKHA,0.7053954813920653
1454,SFGRAQLRAHA,0.6031478307136859
1455,SFGRAQLLAHA,0.5827147787542667
1456,SFGRAQLCKHA,0.5204356739948516
1457,SFGRAQLTKHA,0.5573302321411083
1458,SFNRAQLKQFA,0.7502258632524209
1459,SFNRAQLKQYA,0.7115444782524721
1460,SFNRAQLRQFA,0.7192746040783735
1461,SFNRAQLLQFA,0.68809802894318
1462,SFNRAQLCQFA,0.6171221411475277
1463,SFNRAQLTQFA,0.6337955409362158
1464,SFGRAQLRQYA,0.6214124935134036
1465,SFGRAQLCQFA,0.5579414155825064
1466,SFNRAQLKQHS,0.6235763532197148
1467,SFNRAQLLQHS,0.6372427871298414
1468,SFNRAQLCQHS,0.5702175167422288
1469,SFNRAQLTQHS,0.6565408268482414
1470,SFGRAQLKQHS,0.5643956276546935
1471,SFGRAQLCQHS,0.5110367911772075
1472,SFGRAQLTQHS,0.5973601012832201
1473,SFNRAQLSRFA,0.6137239931841442
1474,SFGRAQLSKYA,0.6076214443037394
1475,SFGRAQLSAHS,0.5170036170546439
1476,SFQTMRLSQHA,0.5734904289735474
1477,SFQTIRLSQHA,0.548966920355968
1478,SFQQMRLSQHA,0.43064001223544535
1479,SFQQIRLSQHA,0.4061165036178659
1480,SFQLMRLSQHA,0.40784792969286965
1481,SFQLIRLSQHA,0.3833244210752902
1482,SFQAIRLSQHA,0.39539249305509067
1483,SFQHMRLSQHA,0.4708826656003172
1484,SFQCIRLSQHA,0.426811540513936
1485,SFQPIRLSQHA,0.5456162360107542
1486,SFQTIQVSQHA,0.6229428976203638
1487,SFQQMQVSQHA,0.5251845804568483
1488,SFQQIQISQHA,0.43435718050559086
1489,SFQQIQVSQHA,0.4800924808822618
1490,SFQHMQVSQHA,0.5654272338217202
1491,SFQCIQQSQHA,0.5328591603162568
1492,SFQCIQVSQHA,0.500787517778332
1493,SFQPMQISQHA,0.6189490124730656
1494,SFQPMQVSQHA,0.6646843128497366
1495,SFQTIQLKQHA,0.6306111240403959
1496,SFQQMQLCQHA,0.5328539412388531
1497,SFQQMQLTQHA,0.5184754874978735
1498,SFQLIQLRQHA,0.5711237086456862
1499,SFQLIQLLQHA,0.5288215426974509
1500,SFQLIQLCQHA,0.48244832596170384
1501,SFQAMQLRQHA,0.6140882573716373
1502,SFQAMQLLQHA,0.5833987070701818
1503,SFQAIQLKQHA,0.6291053525673389
1504,SFQAIQLLQHA,0.5383066074955953
1505,SFQAIQLCQHA,0.5041647925083844
1506,SFQAIQLTQHA,0.48146124911798244
1507,SFQHMQLKQHA,0.6951429906605866
1508,SFQHMQLRQHA,0.6002286850764506
1509,SFQHMQLLQHA,0.5969363881798008
1510,SFQHIQLKQHA,0.6500508910860001
1511,SFQHIQLRQHA,0.5551365855018641
1512,SFQHIQLLQHA,0.5518442886052143
1513,SFQHIQLTQHA,0.45462197421789363
1514,SFQCMQLKQHA,0.6778829926144081
1515,SFQCMQLCQHA,0.5873158635769565
1516,SFQCMQLTQHA,0.5812622603992372
1517,SFQCIQLLQHA,0.5434035032807396
1518,SFQCIQLCQHA,0.54222376400237
1519,SFQPMQLLQHA,0.6731127037401516
1520,SFQPIQLCQHA,0.6353578467191763
1521,SFQTIQLSKHA,0.6393909581702933
1522,SFQAIQLSKHA,0.4858165308694162
1523,SFQHMQLSRHA,0.4901157326870846
1524,SFQHMQLSAHA,0.4481010152852324
1525,SFQPMQLSRHA,0.5893728117151009
1526,SFQTIQLSQYA,0.553355665727952
1527,SFQQIQLSQFA,0.46066186493080336
1528,SFQHMQLSQFA,0.49445955892322535
1529,SFQPMQLSQYA,0.5900263226004389
1530,SFQLIQLSQHS,0.4490466644981154
1531,SFQAMQLSQHS,0.5062068360525024
1532,SFQTARISQHA,0.5019010691800818
1533,SFQQARISQHA,0.3590506524419798
1534,SFQQARQSQHA,0.4368575953565756
1535,SFQQARVSQHA,0.4047859528186508
1536,SFQLARISQHA,0.3362585698994041
1537,SFQLARQSQHA,0.414065512814
1538,SFQLARVSQHA,0.381993870276075
1539,SFQHARISQHA,0.39929330580685174
1540,SFQHARVSQHA,0.4450286061835227
1541,SFQCARISQHA,0.3797456893380499
1542,SFQPARISQHA,0.498550384834868
1543,SFQPARQSQHA,0.5763573277494638
1544,SFQTARLKQHA,0.5553045959767847
1545,SFQTARLRQHA,0.5081520501495375
1546,SFQTARLLQHA,0.5065191153651365
1547,SFQTARLCQHA,0.5417786361798714
1548,SFQTARLTQHA,0.423622258002611
1549,SFQQARLRQHA,0.5093682275429526
1550,SFQQARLCQHA,0.41245531360065546
1551,SFQLARLKQHA,0.5402497653759017
1552,SFQLARLCQHA,0.40714179789809285
1553,SFQLARLTQHA,0.4044530627824873
1554,SFQAARLRQHA,0.49368962973343977
1555,SFQAARLLQHA,0.4630000794319843
1556,SFQAARLCQHA,0.42885826444477343
1557,SFQHARLKQHA,0.5747443630223891
1558,SFQHARLRQHA,0.47983005743825297
1559,SFQHARLLQHA,0.4765377605416033
1560,SFQHARLCQHA,0.473251336304805
1561,SFQHARLTQHA,0.37931544615428264
1562,SFQCARLKQHA,0.5574843649762105
1563,SFQCARLRQHA,0.46599648852137315
1564,SFQCARLCQHA,0.46691723593875895
1565,SFQCARLTQHA,0.46086363276103975
1566,SFQPARLKQHA,0.6194108418024367
1567,SFQPARLRQHA,0.5454039084349787
1568,SFQPARLLQHA,0.5527140761019541
1569,SFQPARLCQHA,0.5600513186555652
1570,SFQPARLTQHA,0.47775825235608005
1571,SFQTARLSKHA,0.5640844301066823
1572,SFQHARLSKHA,0.46147666673345217
1573,SFQTAQIRQHA,0.6135780572063406
1574,SFQTAQQCQHA,0.7250115861512705
1575,SFQTAQQTQHA,0.6068552079740099
1576,SFQTAQVKQHA,0.7064659034102589
1577,SFQTAQVRQHA,0.6593133575830117
1578,SFQQAQIRQHA,0.6147942345997558
1579,SFQQAQILQHA,0.5850452777749244
1580,SFQQAQICQHA,0.5178813206574587
1581,SFQQAQQRQHA,0.6926011775143516
1582,SFQQAQQLQHA,0.6628522206895204
1583,SFQQAQQTQHA,0.581309809831075
1584,SFQQAQVKQHA,0.6983675767641478
1585,SFQQAQVRQHA,0.6605295349764267
1586,SFQQAQVLQHA,0.6307805781515955
1587,SFQQAQVCQHA,0.5636166210341297
1588,SFQQAQVTQHA,0.54923816729315
1589,SFQLAQIRQHA,0.6012431876388783
1590,SFQLAQILQHA,0.558941021690643
1591,SFQLAQICQHA,0.512567804954896
1592,SFQLAQITQHA,0.5098790698392905
1593,SFQLAQQKQHA,0.7234827153473007
1594,SFQLAQQRQHA,0.6790501305534742
1595,SFQLAQQLQHA,0.6367479646052389
1596,SFQLAQQCQHA,0.5903747478694918
1597,SFQLAQVKQHA,0.691411072809376
1598,SFQLAQVRQHA,0.6469784880155492
1599,SFQLAQVLQHA,0.6046763220673139
1600,SFQLAQVCQHA,0.5583031053315669
1601,SFQLAQVTQHA,0.5556143702159615
1602,SFQAAQIKQHA,0.659224831560531
1603,SFQAAQIRQHA,0.5991156367902429
1604,SFQAAQILQHA,0.5684260864887875
1605,SFQAAQICQHA,0.5342842715015766
1606,SFQAAQITQHA,0.5115807281111745
1607,SFQAAQQKQHA,0.7370317744751268
1608,SFQAAQQRQHA,0.6769225797048387
1609,SFQAAQQLQHA,0.6462330294033833
1610,SFQAAQQCQHA,0.6120912144161724
1611,SFQAAQQTQHA,0.5893876710257705
1612,SFQAAQVKQHA,0.704960131937202
1613,SFQHAQITQHA,0.48474145321108586
1614,SFQHAQQTQHA,0.5625483961256817
1615,SFQHAQVKQHA,0.7259056704558632
1616,SFQHAQVRQHA,0.6309913648717271
1617,SFQHAQVTQHA,0.5304767535877568
1618,SFQCAQIRQHA,0.5714224955781764
1619,SFQCAQILQHA,0.5735229822739317
1620,SFQCAQICQHA,0.5723432429955622
1621,SFQCAQQKQHA,0.7407173149476095
1622,SFQCAQQRQHA,0.6492294384927723
1623,SFQCAQQLQHA,0.6513299251885276
1624,SFQCAQQCQHA,0.650150185910158
1625,SFQCAQVCQHA,0.6180785433722331
1626,SFQPAQICQHA,0.6654773257123684
1627,SFQPAQITQHA,0.5831842594128832
1628,SFQPAQQKQHA,0.8026437917738357
1629,SFQPAQVTQHA,0.6289195597895542
1630,SFQTAQISKHA,0.6695104371634856
1631,SFQTAQISRHA,0.5777508754789203
1632,SFQTAQISAHA,0.5357361580770683
1633,SFQTAQVSKHA,0.7152457375401566
1634,SFQTAQVSRHA,0.6234861758555913
1635,SFQTAQVSAHA,0.5814714584537393
1636,SFQQAQISRHA,0.4349004587408183
1637,SFQQAQISAHA,0.39288574133896614
1638,SFQQAQQSKHA,0.6044669633399794
1639,SFQQAQQSRHA,0.5127074016554142
1640,SFQQAQVSKHA,0.5723953208020546
1641,SFQQAQVSRHA,0.48063575911748924
1642,SFQQAQVSAHA,0.4386210417156372
1643,SFQLAQISKHA,0.5038679378828079
1644,SFQLAQISRHA,0.41210837619824264
1645,SFQLAQISAHA,0.3700936587963905
1646,SFQLAQQSKHA,0.5816748807974036
1647,SFQLAQQSRHA,0.4899153191128384
1648,SFQLAQQSAHA,0.4479006017109864
1649,SFQLAQVSKHA,0.5496032382594789
1650,SFQLAQVSRHA,0.45784367657491365
1651,SFQLAQVSAHA,0.41582895917306145
1652,SFQAAQISKHA,0.5159360098626083
1653,SFQAAQISAHA,0.382161730776191
1654,SFQAAQQSKHA,0.5937429527772041
1655,SFQAAQQSRHA,0.5019833910926389
1656,SFQAAQQSAHA,0.4599686736907867
1657,SFQAAQVSKHA,0.5616713102392793
1658,SFQAAQVSRHA,0.4699117485547141
1659,SFQAAQVSAHA,0.42789703115286193
1660,SFQHAQISKHA,0.5669026737902554
1661,SFQHAQISRHA,0.47514311210569016
1662,SFQHAQISAHA,0.4331283947038381
1663,SFQHAQQSKHA,0.6447096167048513
1664,SFQHAQQSRHA,0.552950055020286
1665,SFQCAQISAHA,0.41358077823503636
1666,SFQCAQQSKHA,0.6251620002360495
1667,SFQCAQQSAHA,0.4913877211496321
1668,SFQCAQVSKHA,0.5930903576981247
1669,SFQCAQVSRHA,0.5013307960135593
1670,SFQCAQVSAHA,0.4593160786117073
1671,SFQPAQISKHA,0.6661597528182719
1672,SFQPAQISRHA,0.5744001911337067
1673,SFQPAQISAHA,0.5323854737318544
1674,SFQPAQQSKHA,0.7439666957328677
1675,SFQPAQQSRHA,0.6522071340483024
1676,SFQPAQQSAHA,0.6101924166464504
1677,SFQPAQVSKHA,0.7118950531949428
1678,SFQPAQVSRHA,0.6201354915103776
1679,SFQPAQVSAHA,0.5781207741085255
1680,SFQTAQISQFA,0.6403335759346122
1681,SFQTAQISQYA,0.6016521909346635
1682,SFQTAQQSQFA,0.7181405188492079
1683,SFQTAQVSQFA,0.6860688763112832
1684,SFQTAQVSQYA,0.6473874913113344
1685,SFQQAQISQFA,0.49748315919651015
1686,SFQQAQISQYA,0.4588017741965615
1687,SFQQAQQSQYA,0.5366087171111572
1688,SFQQAQVSQFA,0.5432184595731812
1689,SFQLAQISQFA,0.4746910766539345
1690,SFQLAQISQYA,0.4360096916539858
1691,SFQLAQQSQFA,0.5524980195685303
1692,SFQLAQQSQYA,0.5138166345685816
1693,SFQLAQVSQFA,0.5204263770306055
1694,SFQLAQVSQYA,0.48174499203065674
1695,SFQAAQISQFA,0.4867591486337349
1696,SFQAAQISQYA,0.4480777636337862
1697,SFQAAQQSQFA,0.5645660915483307
1698,SFQAAQQSQYA,0.525884706548382
1699,SFQAAQVSQFA,0.532494449010406
1700,SFQAAQVSQYA,0.49381306401045727
1701,SFQHAQISQFA,0.5377258125613821
1702,SFQHAQISQYA,0.49904442756143336
1703,SFQHAQQSQYA,0.5768513704760291
1704,SFQHAQVSQFA,0.583461112938053
1705,SFQHAQVSQYA,0.5447797279381044
1706,SFQCAQISQFA,0.5181781960925803
1707,SFQCAQISQYA,0.4794968110926316
1708,SFQCAQQSQYA,0.5573037540072273
1709,SFQCAQVSQFA,0.5639134964692513
1710,SFQCAQVSQYA,0.5252321114693026
1711,SFQPAQISQFA,0.6369828915893984
1712,SFQPAQISQYA,0.5983015065894497
1713,SFQPAQQSQFA,0.7147898345039944
1714,SFQPAQQSQYA,0.6761084495040456
1715,SFQPAQVSQFA,0.6827181919660694
1716,SFQPAQVSQYA,0.6440368069661208
1717,SFQTAQISQHS,0.6448086427719854
1718,SFQTAQQSQHS,0.7226155856865811
1719,SFQTAQVSQHS,0.6905439431486563
1720,SFQQAQISQHS,0.5019582260338833
1721,SFQQAQQSQHS,0.5797651689484791
1722,SFQQAQVSQHS,0.5476935264105542
1723,SFQLAQISQHS,0.47916614349130754
1724,SFQLAQVSQHS,0.5249014438679785
1725,SFQAAQISQHS,0.491234215471108
1726,SFQHAQISQHS,0.5422008793987552
1727,SFQHAQQSQHS,0.6200078223133509
1728,SFQHAQVSQHS,0.5879361797754261
1729,SFQCAQISQHS,0.5226532629299534
1730,SFQCAQQSQHS,0.6004602058445492
1731,SFQCAQVSQHS,0.5683885633066244
1732,SFQPAQISQHS,0.6414579584267716
1733,SFQPAQQSQHS,0.7192649013413674
1734,SFQPAQVSQHS,0.6871932588034425
1735,SFQTAQLKKHA,0.6891939286566781
1736,SFQTAQLKRHA,0.5690072810598995
1737,SFQTAQLKAHA,0.5958761124984704
1738,SFQTAQLRKHA,0.6327054342177598
1739,SFQTAQLRRHA,0.6231187176905616
1740,SFQTAQLRAHA,0.5896385091044016
1741,SFQTAQLLKHA,0.6168166527086613
1742,SFQTAQLLRHA,0.5740487305914802
1743,SFQTAQLCKHA,0.6427054013467471
1744,SFQTAQLCRHA,0.6576021891756555
1745,SFQTAQLCAHA,0.6009792668776535
1746,SFQTAQLTKHA,0.5447701815270553
1747,SFQTAQLTRHA,0.5041092299282207
1748,SFQTAQLTAHA,0.4416698783297473
1749,SFQQAQLKKHA,0.6810956020105668
1750,SFQQAQLKRHA,0.5609089544137884
1751,SFQQAQLKAHA,0.5877777858523593
1752,SFQQAQLRKHA,0.6339216116111749
1753,SFQQAQLRRHA,0.6243348950839768
1754,SFQQAQLRAHA,0.5908546864978168
1755,SFQQAQLLRHA,0.5471488859444652
1756,SFQQAQLLAHA,0.5718492528487595
1757,SFQQAQLCKHA,0.5133820787675311
1758,SFQQAQLCRHA,0.5282788665964396
1759,SFQQAQLTRHA,0.4785638317852858
1760,SFQQAQLTAHA,0.41612448018681236
1761,SFQLAQLKKHA,0.674139098055795
1762,SFQLAQLKRHA,0.5539524504590165
1763,SFQLAQLKAHA,0.5808212818975874
1764,SFQLAQLRKHA,0.6203705646502974
1765,SFQLAQLRRHA,0.6107838481230993
1766,SFQLAQLRAHA,0.5773036395369393
1767,SFQLAQLLKHA,0.5638125519773648
1768,SFQLAQLLRHA,0.5210446298601837
1769,SFQLAQLLAHA,0.5457449967644781
1770,SFQLAQLCKHA,0.5080685630649685
1771,SFQLAQLCRHA,0.5229653508938769
1772,SFQLAQLCAHA,0.4663424285958749
1773,SFQLAQLTRHA,0.4849400347080971
1774,SFQLAQLTAHA,0.42250068310962363
1775,SFQAAQLKKHA,0.6876881571836211
1776,SFQAAQLKRHA,0.5675015095868425
1777,SFQAAQLKAHA,0.5943703410254134
1778,SFQAAQLRRHA,0.6086562972744639
1779,SFQAAQLRAHA,0.5751760886883039
1780,SFQAAQLLKHA,0.5732976167755092
1781,SFQAAQLLRHA,0.5305296946583282
1782,SFQAAQLLAHA,0.5552300615626226
1783,SFQAAQLCKHA,0.529785029611649
1784,SFQAAQLCRHA,0.5446818174405574
1785,SFQAAQLCAHA,0.4880588951425555
1786,SFQAAQLTKHA,0.5273026445788156
1787,SFQAAQLTRHA,0.4866416929799813
1788,SFQAAQLTAHA,0.4242023413815078
1789,SFQHAQLKKHA,0.7086336957022823
1790,SFQHAQLKRHA,0.5884470481055039
1791,SFQHAQLKAHA,0.6153158795440746
1792,SFQHAQLRKHA,0.6043834415064753
1793,SFQHAQLRRHA,0.594796724979277
1794,SFQHAQLRAHA,0.5613165163931172
1795,SFQHAQLLKHA,0.5868352978851281
1796,SFQHAQLLRHA,0.5440673757679471
1797,SFQHAQLLAHA,0.5687677426722416
1798,SFQHAQLCRHA,0.5890748893005892
1799,SFQHAQLTRHA,0.4598024180798925
1800,SFQHAQLTAHA,0.397363066481419
1801,SFQCAQLKRHA,0.5711870500593252
1802,SFQCAQLKAHA,0.5980558814978962
1803,SFQCAQLRKHA,0.5905498725895955
1804,SFQCAQLRRHA,0.5809631560623972
1805,SFQCAQLRAHA,0.5474829474762374
1806,SFQCAQLLRHA,0.5356265904434725
1807,SFQCAQLLAHA,0.5603269573477668
1808,SFQCAQLCKHA,0.5678440011056345
1809,SFQCAQLCRHA,0.5827407889345431
1810,SFQCAQLCAHA,0.526117866636541
1811,SFQCAQLTRHA,0.5413506046866496
1812,SFQCAQLTAHA,0.4789112530881762
1813,SFQPAQLKKHA,0.7533001744823299
1814,SFQPAQLKRHA,0.6331135268855514
1815,SFQPAQLKAHA,0.6599823583241222
1816,SFQPAQLRKHA,0.669957292503201
1817,SFQPAQLRRHA,0.660370575976003
1818,SFQPAQLRAHA,0.6268903673898429
1819,SFQPAQLLKHA,0.6630116134454789
1820,SFQPAQLLRHA,0.6202436913282979
1821,SFQPAQLLAHA,0.6449440582325924
1822,SFQPAQLCKHA,0.6609780838224407
1823,SFQPAQLCRHA,0.6758748716513492
1824,SFQPAQLCAHA,0.6192519493533472
1825,SFQPAQLTKHA,0.5989061758805243
1826,SFQPAQLTRHA,0.55824522428169
1827,SFQPAQLTAHA,0.4958058726832165
1828,SFQTAQLKQFA,0.6937371027313152
1829,SFQTAQLRQFA,0.6465845569040678
1830,SFQTAQLRQYA,0.6079031719041191
1831,SFQTAQLLQFA,0.6449516221196667
1832,SFQTAQLLQYA,0.6062702371197181
1833,SFQTAQLCQFA,0.6802111429344019
1834,SFQTAQLCQYA,0.6415297579344532
1835,SFQTAQLTQFA,0.5620547647571413
1836,SFQTAQLTQYA,0.5233733797571927
1837,SFQQAQLKQFA,0.6856387760852041
1838,SFQQAQLKQYA,0.6469573910852554
1839,SFQQAQLRQFA,0.647800734297483
1840,SFQQAQLLQYA,0.5793703924727029
1841,SFQQAQLCQFA,0.5508878203551859
1842,SFQQAQLCQYA,0.5122064353552372
1843,SFQQAQLTQFA,0.5365093666142063
1844,SFQQAQLTQYA,0.4978279816142576
1845,SFQLAQLKQYA,0.6400008871304834
1846,SFQLAQLRQYA,0.5955683023366567
1847,SFQLAQLLQFA,0.5919475213883701
1848,SFQLAQLLQYA,0.5532661363884214
1849,SFQLAQLCQYA,0.5068929196526746
1850,SFQLAQLTQFA,0.5428855695370177
1851,SFQLAQLTQYA,0.504204184537069
1852,SFQAAQLKQFA,0.6922313312582582
1853,SFQAAQLKQYA,0.6535499462583094
1854,SFQAAQLRQFA,0.6321221364879701
1855,SFQAAQLRQYA,0.5934407514880214
1856,SFQAAQLLQFA,0.6014325861865146
1857,SFQAAQLLQYA,0.562751201186566
1858,SFQAAQLCQFA,0.5672907711993038
1859,SFQAAQLCQYA,0.528609386199355
1860,SFQAAQLTQFA,0.5445872278089018
1861,SFQAAQLTQYA,0.5059058428089531
1862,SFQHAQLKQFA,0.7131768697769194
1863,SFQHAQLLQFA,0.6149702672961337
1864,SFQHAQLLQYA,0.5762888822961849
1865,SFQHAQLCQFA,0.6116838430593354
1866,SFQHAQLCQYA,0.5730024580593868
1867,SFQHAQLTQYA,0.4790665679088643
1868,SFQCAQLKQFA,0.6959168717307409
1869,SFQCAQLKQYA,0.6572354867307922
1870,SFQCAQLRQFA,0.6044289952759035
1871,SFQCAQLLQFA,0.606529481971659
1872,SFQCAQLLQYA,0.5678480969717102
1873,SFQCAQLCQFA,0.6053497426932893
1874,SFQCAQLCQYA,0.5666683576933407
1875,SFQCAQLTQFA,0.59929613951557
1876,SFQCAQLTQYA,0.5606147545156214
1877,SFQPAQLKQFA,0.7578433485569671
1878,SFQPAQLKQYA,0.7191619635570183
1879,SFQPAQLRQFA,0.6838364151895092
1880,SFQPAQLRQYA,0.6451550301895606
1881,SFQPAQLLQFA,0.6911465828564844
1882,SFQPAQLLQYA,0.6524651978565358
1883,SFQPAQLCQFA,0.6984838254100956
1884,SFQPAQLCQYA,0.6598024404101469
1885,SFQPAQLTQFA,0.6161907591106105
1886,SFQPAQLTQYA,0.5775093741106617
1887,SFQTAQLKQHS,0.5670875926986091
1888,SFQTAQLRQHS,0.5696115173869984
1889,SFQTAQLLQHS,0.5940963803063283
1890,SFQTAQLCQHS,0.6333065185291028
1891,SFQTAQLTQHS,0.584800050669167
1892,SFQQAQLKQHS,0.558989266052498
1893,SFQQAQLRQHS,0.5708276947804136
1894,SFQQAQLLQHS,0.567196535659313
1895,SFQQAQLCQHS,0.5039831959498868
1896,SFQQAQLTQHS,0.5592546525262319
1897,SFQLAQLKQHS,0.5520327620977261
1898,SFQLAQLRQHS,0.5572766478195361
1899,SFQLAQLLQHS,0.5410922795750316
1900,SFQLAQLCQHS,0.49866968024732433
1901,SFQAAQLKQHS,0.5655818212255522
1902,SFQAAQLRQHS,0.5551490969709008
1903,SFQAAQLLQHS,0.5505773443731762
1904,SFQAAQLCQHS,0.5203861467940049
1905,SFQAAQLTQHS,0.5673325137209274
1906,SFQHAQLKQHS,0.5865273597442134
1907,SFQHAQLRQHS,0.5412895246757139
1908,SFQHAQLLQHS,0.5641150254827951
1909,SFQHAQLTQHS,0.5404932388208387
1910,SFQCAQLKQHS,0.5692673616980348
1911,SFQCAQLRQHS,0.5274559557588341
1912,SFQCAQLLQHS,0.5556742401583205
1913,SFQCAQLCQHS,0.5584451182879904
1914,SFQCAQLTQHS,0.6220414254275958
1915,SFQPAQLKQHS,0.631193838524261
1916,SFQPAQLRQHS,0.6068633756724399
1917,SFQPAQLLQHS,0.6402913410431459
1918,SFQPAQLCQHS,0.6515792010047966
1919,SFQPAQLTQHS,0.638936045022636
1920,SFQTAQLSKFA,0.7025169368612127
1921,SFQTAQLSKYA,0.6638355518612641
1922,SFQTAQLSRFA,0.6107573751766475
1923,SFQTAQLSAFA,0.5687426577747954
1924,SFQTAQLSAYA,0.5300612727748466
1925,SFQQAQLSKFA,0.5596665201231107
1926,SFQQAQLSKYA,0.520985135123162
1927,SFQQAQLSRFA,0.4679069584385454
1928,SFQQAQLSAFA,0.4258922410366933
1929,SFQQAQLSAYA,0.3872108560367446
1930,SFQLAQLSKFA,0.536874437580535
1931,SFQLAQLSKYA,0.49819305258058627
1932,SFQLAQLSRFA,0.4451148758959697
1933,SFQLAQLSRYA,0.40643349089602104
1934,SFQLAQLSAFA,0.4031001584941176
1935,SFQLAQLSAYA,0.3644187734941689
1936,SFQAAQLSKFA,0.5489425095603354
1937,SFQAAQLSKYA,0.5102611245603867
1938,SFQAAQLSRFA,0.45718294787577024
1939,SFQAAQLSRYA,0.4185015628758215
1940,SFQAAQLSAYA,0.37648684547396943
1941,SFQHAQLSKFA,0.5999091734879826
1942,SFQHAQLSKYA,0.5612277884880339
1943,SFQHAQLSRYA,0.46946822680346867
1944,SFQHAQLSAFA,0.4661348944015652
1945,SFQCAQLSKFA,0.5803615570191808
1946,SFQCAQLSRFA,0.4886019953346156
1947,SFQCAQLSRYA,0.4499206103346669
1948,SFQCAQLSAFA,0.4465872779327634
1949,SFQPAQLSKFA,0.699166252515999
1950,SFQPAQLSKYA,0.6604848675160503
1951,SFQTAQLSKHS,0.706992003698586
1952,SFQTAQLSRHS,0.6152324420140206
1953,SFQTAQLSAHS,0.5732177246121686
1954,SFQQAQLSKHS,0.5641415869604839
1955,SFQQAQLSRHS,0.47238202527591855
1956,SFQLAQLSKHS,0.5413495044179082
1957,SFQLAQLSRHS,0.4495899427333429
1958,SFQLAQLSAHS,0.40757522533149076
1959,SFQAAQLSKHS,0.5534175763977086
1960,SFQAAQLSRHS,0.46165801471314344
1961,SFQAAQLSAHS,0.41964329731129124
1962,SFQHAQLSKHS,0.6043842403253558
1963,SFQHAQLSRHS,0.5126246786407904
1964,SFQHAQLSAHS,0.4706099612389384
1965,SFQCAQLSKHS,0.584836623856554
1966,SFQCAQLSRHS,0.49307706217198866
1967,SFQCAQLSAHS,0.4510623447701366
1968,SFQPAQLSKHS,0.7036413193533722
1969,SFQPAQLSRHS,0.6118817576688069
1970,SFQPAQLSAHS,0.5698670402669547
1971,SFQTAQLSQFS,0.6778151424697124
1972,SFQTAQLSQYS,0.6391337574697638
1973,SFQQAQLSQFS,0.5349647257316105
1974,SFQQAQLSQYS,0.49628334073166175
1975,SFQLAQLSQFS,0.5121726431890348
1976,SFQLAQLSQYS,0.47349125818908605
1977,SFQAAQLSQYS,0.4855593301688865
1978,SFQHAQLSQFS,0.5752073790964823
1979,SFQHAQLSQYS,0.5365259940965337
1980,SFQCAQLSQFS,0.5556597626276806
1981,SFQCAQLSQYS,0.5169783776277318
1982,SFQPAQLSQFS,0.6744644581244987
1983,SFQPAQLSQYS,0.6357830731245501
1984,SFQRMRISQHA,0.5521135717698333
1985,SFQRMRQSQHA,0.6299205146844292
1986,SFQRMRVSQHA,0.5978488721465044
1987,SFQRIRISQHA,0.5275900631522539
1988,SFQRIRQSQHA,0.6053970060668497
1989,SFQRIRVSQHA,0.5733253635289248
1990,SFQRMRLKQHA,0.6590392410801452
1991,SFQRMRLRQHA,0.6280879819060979
1992,SFQRMRLLQHA,0.5969114067709044
1993,SFQRMRLCQHA,0.525935518975252
1994,SFQRMRLTQHA,0.5426089187639401
1995,SFQRIRLKQHA,0.6345157324625658
1996,SFQRIRLRQHA,0.6035644732885184
1997,SFQRIRLLQHA,0.5723878981533249
1998,SFQRIRLCQHA,0.5014120103576726
1999,SFQRMRLSKHA,0.6142969326964338
2000,SFQRMRLSRHA,0.5225373710118686
2001,SFQRMRLSAHA,0.4805226536100165
2002,SFQRIRLSKHA,0.5897734240788544
2003,SFQRIRLSRHA,0.4980138623942892
2004,SFQRIRLSAHA,0.455999144992437
2005,SFQRMRLSQFA,0.5268811972480095
2006,SFQRIRLSQYA,0.503738131636513
2007,SFQRMRLSQHS,0.5959225925878576
2008,SFQRMQILQHA,0.6457206746156363
2009,SFQRMQICQHA,0.5747447868199841
2010,SFQRMQITQHA,0.5914181866086722
2011,SFQRMQQKQHA,0.785655451839473
2012,SFQRMQQRQHA,0.7547041926654257
2013,SFQRMQQLQHA,0.7235276175302322
2014,SFQRMQQCQHA,0.6525517297345798
2015,SFQRMQQTQHA,0.6692251295232681
2016,SFQRMQVKQHA,0.7535838093015481
2017,SFQRMQVRQHA,0.7226325501275008
2018,SFQRMQVLQHA,0.6914559749923074
2019,SFQRMQVCQHA,0.620480087196655
2020,SFQRMQVTQHA,0.6371534869853431
2021,SFQRIQIKQHA,0.6627564093502907
2022,SFQRIQIRQHA,0.6318051501762434
2023,SFQRIQILQHA,0.6006285750410499
2024,SFQRIQICQHA,0.5296526872453975
2025,SFQRIQITQHA,0.5463260870340857
2026,SFQRIQQKQHA,0.7405633522648866
2027,SFQRIQQRQHA,0.7096120930908392
2028,SFQRIQQLQHA,0.6784355179556457
2029,SFQRIQQCQHA,0.6074596301599934
2030,SFQRIQQTQHA,0.6241330299486815
2031,SFQRIQVLQHA,0.6463638754177209
2032,SFQRIQVCQHA,0.5753879876220684
2033,SFQRMQISRHA,0.5713466388566005
2034,SFQRMQISAHA,0.5293319214547485
2035,SFQRMQQSKHA,0.7409131434557618
2036,SFQRMQQSRHA,0.6491535817711965
2037,SFQRMQQSAHA,0.6071388643693443
2038,SFQRMQVSKHA,0.7088415009178369
2039,SFQRMQVSRHA,0.6170819392332715
2040,SFQRMQVSAHA,0.5750672218314196
2041,SFQRIQISKHA,0.6180141009665794
2042,SFQRIQISRHA,0.5262545392820142
2043,SFQRIQISAHA,0.48423982188016196
2044,SFQRIQQSKHA,0.6958210438811752
2045,SFQRIQQSRHA,0.6040614821966099
2046,SFQRIQQSAHA,0.5620467647947579
2047,SFQRIQVSKHA,0.6637494013432503
2048,SFQRIQVSRHA,0.5719898396586851
2049,SFQRIQVSAHA,0.529975122256833
2050,SFQRMQISQFA,0.5756904650927415
2051,SFQRMQISQYA,0.5720001497419387
2052,SFQRMQQSQFA,0.6534974080073372
2053,SFQRMQQSQYA,0.6498070926565345
2054,SFQRMQVSQFA,0.6214257654694125
2055,SFQRMQVSQYA,0.6177354501186096
2056,SFQRIQISQFA,0.5821354244651913
2057,SFQRIQISQYA,0.531978808524238
2058,SFQRIQQSQFA,0.6599423673797872
2059,SFQRIQQSQYA,0.6097857514388338
2060,SFQRIQVSQFA,0.6278707248418623
2061,SFQRIQVSQYA,0.577714108900909
2062,SFQRMQISQHS,0.6384044061496655
2063,SFQRMQQSQHS,0.7162113490642614
2064,SFQRMQVSQHS,0.6841397065263366
2065,SFQRIQISQHS,0.593312306575079
2066,SFQRIQQSQHS,0.6711192494896749
2067,SFQRIQVSQHS,0.63904760695175
2068,SFQRMQLKKHA,0.7363118345479672
2069,SFQRMQLKRHA,0.6161251869511888
2070,SFQRMQLKAHA,0.6429940183897597
2071,SFQRMQLRKHA,0.6960246267622489
2072,SFQRMQLRRHA,0.6864379102350507
2073,SFQRMQLRAHA,0.6529577016488908
2074,SFQRMQLLRHA,0.607824282785177
2075,SFQRMQLLAHA,0.6325246496894714
2076,SFQRMQLCKHA,0.5702455449300563
2077,SFQRMQLCRHA,0.5851423327589648
2078,SFQRMQLTKHA,0.6071401030763132
2079,SFQRMQLTRHA,0.5664791514774787
2080,SFQRMQLTAHA,0.5040397998790053
2081,SFQRIQLKKHA,0.6912197349733806
2082,SFQRIQLKRHA,0.5710330873766022
2083,SFQRIQLKAHA,0.5979019188151731
2084,SFQRIQLRKHA,0.6509325271876624
2085,SFQRIQLRRHA,0.6413458106604643
2086,SFQRIQLRAHA,0.6078656020743043
2087,SFQRIQLLKHA,0.6055001053277714
2088,SFQRIQLLAHA,0.5874325501148849
2089,SFQRIQLCKHA,0.5251534453554698
2090,SFQRIQLCRHA,0.5400502331843783
2091,SFQRIQLCAHA,0.48342731088637625
2092,SFQRIQLTKHA,0.5620480035017267
2093,SFQRIQLTRHA,0.5213870519028924
2094,SFQRIQLTAHA,0.4589477003044189
2095,SFQRMQLKQFA,0.6826161344030534
2096,SFQRMQLKQYA,0.6789258190522506
2097,SFQRMQLRQFA,0.651664875229006
2098,SFQRMQLRQYA,0.6479745598782031
2099,SFQRMQLLQFA,0.6204883000938125
2100,SFQRMQLLQYA,0.6167979847430097
2101,SFQRMQLCQYA,0.5458220969473573
2102,SFQRMQLTQFA,0.5661858120868484
2103,SFQRMQLTQYA,0.5624954967360455
2104,SFQRIQLKQFA,0.6890610937755033
2105,SFQRIQLKQYA,0.63890447783455
2106,SFQRIQLRQFA,0.6581098346014559
2107,SFQRIQLRQYA,0.6079532186605026
2108,SFQRIQLLQFA,0.6269332594662624
2109,SFQRIQLLQYA,0.5767766435253091
2110,SFQRIQLCQFA,0.55595737167061
2111,SFQRIQLCQYA,0.5058007557296567
2112,SFQRIQLTQFA,0.5726307714592982
2113,SFQRIQLTQYA,0.5224741555183449
2114,SFQRMQLKQHS,0.6142054985898984
2115,SFQRMQLRQHS,0.6329307099314877
2116,SFQRMQLLQHS,0.6278719325000249
2117,SFQRMQLCQHS,0.5608466621124122
2118,SFQRMQLTQHS,0.647169972218425
2119,SFQRIQLKQHS,0.5691133990153119
2120,SFQRIQLRQHS,0.5878386103569011
2121,SFQRIQLLQHS,0.5827798329254384
2122,SFQRIQLCQHS,0.5157545625378257
2123,SFQRIQLTQHS,0.6020778726438385
2124,SFQRMQLSKFA,0.6378738260193421
2125,SFQRMQLSKYA,0.6341835106685392
2126,SFQRMQLSRFA,0.5461142643347768
2127,SFQRMQLSRYA,0.542423948983974
2128,SFQRMQLSAFA,0.5040995469329247
2129,SFQRMQLSAYA,0.5004092315821218
2130,SFQRIQLSKFA,0.6443187853917919
2131,SFQRIQLSKYA,0.5941621694508386
2132,SFQRIQLSRFA,0.5525592237072267
2133,SFQRIQLSRYA,0.5024026077662733
2134,SFQRIQLSAFA,0.5105445063053745
2135,SFQRIQLSAYA,0.4603878903644212
2136,SFQRMQLSKHS,0.7005877670762662
2137,SFQRMQLSRHS,0.6088282053917008
2138,SFQRMQLSAHS,0.5668134879898488
2139,SFQRIQLSKHS,0.6554956675016796
2140,SFQRIQLSRHS,0.5637361058171144
2141,SFQRIQLSAHS,0.5217213884152622
2142,SFQRMQLSQFS,0.6131720316278417
2143,SFQRMQLSQYS,0.609481716277039
2144,SFQRIQLSQFS,0.6196169910002917
2145,SFQRIQLSQYS,0.5694603750593383
2146,SFQRARIKQHA,0.5874498812866796
2147,SFQRARIRQHA,0.5564986221126323
2148,SFQRARILQHA,0.5253220469774388
2149,SFQRARICQHA,0.4543461591817865
2150,SFQRARITQHA,0.4710195589704746
2151,SFQRARQKQHA,0.6652568242012755
2152,SFQRARQRQHA,0.6343055650272281
2153,SFQRARQLQHA,0.6031289898920346
2154,SFQRARQCQHA,0.5321531020963822
2155,SFQRARQTQHA,0.5488265018850705
2156,SFQRARVKQHA,0.6331851816633506
2157,SFQRARVRQHA,0.6022339224893033
2158,SFQRARVLQHA,0.5710573473541097
2159,SFQRARVCQHA,0.5000814595584575
2160,SFQRARVTQHA,0.5167548593471456
2161,SFQRARISKHA,0.5427075729029683
2162,SFQRARISRHA,0.4509480112184031
2163,SFQRARISAHA,0.4089332938165509
2164,SFQRARQSKHA,0.6205145158175641
2165,SFQRARQSRHA,0.5287549541329989
2166,SFQRARQSAHA,0.48674023673114686
2167,SFQRARVSKHA,0.5884428732796393
2168,SFQRARVSRHA,0.4966833115950741
2169,SFQRARVSAHA,0.4546685941932219
2170,SFQRARISQFA,0.5135307116740949
2171,SFQRARISQYA,0.47484932667414625
2172,SFQRARQSQFA,0.5913376545886908
2173,SFQRARQSQYA,0.5526562695887421
2174,SFQRARVSQFA,0.5592660120507659
2175,SFQRARVSQYA,0.5205846270508172
2176,SFQRARISQHS,0.5243332327943921
2177,SFQRARVSQHS,0.5700685331710631
2178,SFQRARLKKHA,0.6159132069097697
2179,SFQRARLKRHA,0.49572655931299114
2180,SFQRARLKAHA,0.522595390751562
2181,SFQRARLRKHA,0.5756259991240514
2182,SFQRARLRRHA,0.5660392825968533
2183,SFQRARLRAHA,0.5325590740106931
2184,SFQRARLLKHA,0.5301935772641605
2185,SFQRARLLRHA,0.4874256551469794
2186,SFQRARLLAHA,0.5121260220512739
2187,SFQRARLCKHA,0.4498469172918588
2188,SFQRARLCRHA,0.4647437051207673
2189,SFQRARLCAHA,0.40812078282276526
2190,SFQRARLTKHA,0.48674147543811563
2191,SFQRARLTRHA,0.4460805238392813
2192,SFQRARLTAHA,0.38364117224080785
2193,SFQRARLKQFA,0.6204563809844068
2194,SFQRARLKQYA,0.5817749959844581
2195,SFQRARLRQFA,0.5895051218103595
2196,SFQRARLRQYA,0.5508237368104107
2197,SFQRARLLQFA,0.5583285466751661
2198,SFQRARLLQYA,0.5196471616752173
2199,SFQRARLCQFA,0.48735265887951357
2200,SFQRARLCQYA,0.4486712738795649
2201,SFQRARLTQFA,0.5040260586682017
2202,SFQRARLKQHS,0.500134325234625
2203,SFQRARLRQHS,0.5188595365762141
2204,SFQRARLLQHS,0.5138007591447515
2205,SFQRARLCQHS,0.4467754887571387
2206,SFQRARLTQHS,0.5330987988631514
2207,SFQRARLSKFA,0.5757140726006954
2208,SFQRARLSKYA,0.5370326876007467
2209,SFQRARLSRFA,0.4839545109161302
2210,SFQRARLSAFA,0.4419397935142781
2211,SFQRARLSAYA,0.40325840851432937
2212,SFQRARLSRHS,0.4947570320364274
2213,SFQRARLSAHS,0.4527423146345752
2214,SFQRARLSQFS,0.5573397324921192
2215,SFQRARLSQYS,0.5186583474921705
2216,SFQRAQIKKHA,0.7213392139665729
2217,SFQRAQIKRHA,0.6011525663697944
2218,SFQRAQIKAHA,0.6280213978083654
2219,SFQRAQIRRHA,0.6714652896536565
2220,SFQRAQIRAHA,0.6379850810674965
2221,SFQRAQILKHA,0.6356195843209638
2222,SFQRAQILRHA,0.5928516622037828
2223,SFQRAQILAHA,0.6175520291080772
2224,SFQRAQICKHA,0.555272924348662
2225,SFQRAQICRHA,0.5701697121775705
2226,SFQRAQICAHA,0.5135467898795685
2227,SFQRAQITKHA,0.5921674824949188
2228,SFQRAQITRHA,0.5515065308960845
2229,SFQRAQITAHA,0.48906717929761107
2230,SFQRAQQKKHA,0.7991461568811687
2231,SFQRAQQKRHA,0.6789595092843903
2232,SFQRAQQKAHA,0.7058283407229612
2233,SFQRAQQRKHA,0.7588589490954504
2234,SFQRAQQRRHA,0.7492722325682522
2235,SFQRAQQRAHA,0.7157920239820923
2236,SFQRAQQLKHA,0.7134265272355595
2237,SFQRAQQLRHA,0.6706586051183785
2238,SFQRAQQLAHA,0.695358972022673
2239,SFQRAQQCKHA,0.6330798672632578
2240,SFQRAQQCRHA,0.6479766550921664
2241,SFQRAQQCAHA,0.5913537327941644
2242,SFQRAQQTKHA,0.6699744254095147
2243,SFQRAQQTRHA,0.6293134738106803
2244,SFQRAQQTAHA,0.5668741222122068
2245,SFQRAQVKKHA,0.767074514343244
2246,SFQRAQVKRHA,0.6468878667464654
2247,SFQRAQVKAHA,0.6737566981850364
2248,SFQRAQVRKHA,0.7267873065575257
2249,SFQRAQVRRHA,0.7172005900303274
2250,SFQRAQVRAHA,0.6837203814441675
2251,SFQRAQVLKHA,0.6813548846976348
2252,SFQRAQVLRHA,0.6385869625804538
2253,SFQRAQVLAHA,0.6632873294847481
2254,SFQRAQVCKHA,0.601008224725333
2255,SFQRAQVCRHA,0.6159050125542415
2256,SFQRAQVCAHA,0.5592820902562394
2257,SFQRAQVTKHA,0.63790278287159
2258,SFQRAQVTRHA,0.5972418312727554
2259,SFQRAQVTAHA,0.5348024796742821
2260,SFQRAQIKQFA,0.7258823880412101
2261,SFQRAQIKQYA,0.6872010030412613
2262,SFQRAQIRQFA,0.6949311288671627
2263,SFQRAQIRQYA,0.656249743867214
2264,SFQRAQILQFA,0.6637545537319691
2265,SFQRAQILQYA,0.6250731687320205
2266,SFQRAQICQFA,0.5927786659363169
2267,SFQRAQICQYA,0.5540972809363681
2268,SFQRAQITQFA,0.609452065725005
2269,SFQRAQITQYA,0.5707706807250563
2270,SFQRAQQKQFA,0.8036893309558057
2271,SFQRAQQKQYA,0.7650079459558572
2272,SFQRAQQRQFA,0.7727380717817585
2273,SFQRAQQRQYA,0.7340566867818098
2274,SFQRAQQLQFA,0.7415614966465651
2275,SFQRAQQLQYA,0.7028801116466163
2276,SFQRAQQCQFA,0.6705856088509127
2277,SFQRAQQCQYA,0.6319042238509639
2278,SFQRAQQTQFA,0.6872590086396009
2279,SFQRAQQTQYA,0.6485776236396522
2280,SFQRAQVKQFA,0.771617688417881
2281,SFQRAQVKQYA,0.7329363034179323
2282,SFQRAQVRQFA,0.7406664292438336
2283,SFQRAQVRQYA,0.701985044243885
2284,SFQRAQVLQFA,0.7094898541086402
2285,SFQRAQVLQYA,0.6708084691086915
2286,SFQRAQVCQFA,0.6385139663129878
2287,SFQRAQVCQYA,0.5998325813130392
2288,SFQRAQVTQFA,0.6551873661016759
2289,SFQRAQVTQYA,0.6165059811017273
2290,SFQRAQIKQHS,0.599232878008504
2291,SFQRAQIRQHS,0.6179580893500933
2292,SFQRAQILQHS,0.6128993119186306
2293,SFQRAQICQHS,0.5458740415310179
2294,SFQRAQITQHS,0.6321973516370306
2295,SFQRAQQKQHS,0.6770398209230999
2296,SFQRAQQRQHS,0.6957650322646891
2297,SFQRAQQLQHS,0.6907062548332266
2298,SFQRAQQCQHS,0.6236809844456137
2299,SFQRAQQTQHS,0.7100042945516265
2300,SFQRAQVKQHS,0.6449681783851751
2301,SFQRAQVRQHS,0.6636933897267643
2302,SFQRAQVLQHS,0.6586346122953016
2303,SFQRAQVCQHS,0.5916093419076889
2304,SFQRAQVTQHS,0.6779326520137016
2305,SFQRAQISKFA,0.6811400796574986
2306,SFQRAQISKYA,0.6424586946575499
2307,SFQRAQISAFA,0.5473658005710814
2308,SFQRAQISAYA,0.5086844155711326
2309,SFQRAQQSKFA,0.7589470225720945
2310,SFQRAQQSKYA,0.7202656375721458
2311,SFQRAQQSRFA,0.6671874608875293
2312,SFQRAQQSRYA,0.6285060758875806
2313,SFQRAQQSAFA,0.6251727434856771
2314,SFQRAQQSAYA,0.5864913584857284
2315,SFQRAQVSKYA,0.6881939950342211
2316,SFQRAQISRHS,0.5938555848103065
2317,SFQRAQVSKHS,0.7313504468715428
2318,SFQRAQISQFS,0.6564382852659985
2319,SFQRAQISQYS,0.6177569002660497
2320,SFQRAQVSQYS,0.6634922006427207
2321,SFQRAQLKRYA,0.5954776810675729
2322,SFQRAQLRKFA,0.7140585058785818
2323,SFQRAQLRKYA,0.675377120878633
2324,SFQRAQLRAFA,0.6709915807652236
2325,SFQRAQLRAYA,0.6323101957652749
2326,SFQRAQLLRYA,0.5871767769015611
2327,SFQRAQLCKFA,0.5882794240463891
2328,SFQRAQLCAFA,0.5465532895772957
2329,SFQRAQLCAYA,0.507871904577347
2330,SFQRAQLTKYA,0.5864925971926973
2331,SFQRAQLTAYA,0.4833922939953894
2332,SFQRAQLRKHS,0.6370854663615124
2333,SFQRAQLRRHS,0.6274987498343143
2334,SFQRAQLLKHS,0.6177708422053524
2335,SFQRAQLLRHS,0.5750029200881713
2336,SFQRAQLCKHS,0.5413747996410903
2337,SFQRAQLTKHS,0.6479192681046718
2338,SFQRAQLTRHS,0.6072583165058373
2339,SFQRAQLKQYS,0.5935579927062825
2340,SFQRAQLRQYS,0.6122832040478717
2341,SFQRAQLLQFS,0.6459058116163579
2342,SFQRAQLLQYS,0.6072244266164091
2343,SFQRAQLCQYS,0.5401991562287963
2344,SFQRAQLSRYS,0.5881806995080849
2345,SFQRAQLSAYS,0.5461659821062329
2346,SFGCIQLTQHA,0.5395627639577968
2347,SFNPIQLTQHA,0.49581105458466207
2348,SFGHAQQTQHA,0.5666087323245782
2349,SWQHIQLTQHA,0.4237445213303818
2350,SQQAMQLTQHA,0.5528215207482119
2351,SFNAIQLTQHA,0.5012572167797495
2352,SQQRMQQTQHA,0.6156906679858144
2353,SWQAIQLTQHA,0.5308170008867023
2354,SQQCMQLTQHA,0.6608417285409884
2355,SFNRMQQTQHA,0.6824891560743883
2356,SQNRMQLTQHA,0.6454080147497794
2357,SWQPMQLTQHA,0.5829482798414247
2358,SFNPIQLRQHA,0.5634567106635608
2359,SQNRMQLRQHA,0.7308870778919371
2360,SFNCIQLRQHA,0.506747025091704
2361,SQQRMQQRQHA,0.7011697311279721
2362,SWQAIQLRQHA,0.6183519095657707
2363,SFGQIQLRQHA,0.5881447737418977
2364,SFNQIQLRQHA,0.5566320275252185
2365,SQQRMQIRQHA,0.7176057077607935
2366,SFGLIQLRQHA,0.6452865624384838
2367,SQGRMQLRQHA,0.6717063523269158
2368,SQQAMQLRQHA,0.6403564294272802
2369,SQQPMQLRQHA,0.6742401572829969
2370,SFGQMQLRQHA,0.6332368733164843
2371,SWQPIQLRQHA,0.605501836345737
2372,SQQCMQLRQHA,0.6659745843013218
2373,SQQRMQVRQHA,0.7287523740211732
2374,SWNRIQLRQHA,0.618869089579748
2375,SFGHIQLRQHA,0.5591969217007605
2376,SFNRMQQRQHA,0.7679682192165459
2377,SFNTIQLLQHA,0.5993361786607979
2378,SQQCIQLLQHA,0.6229829714224908
2379,SFGTIQLLQHA,0.5464772905901084
2380,SFNPIQLLQHA,0.5707668783305361
2381,SQQQMQLLQHA,0.6611129212045409
2382,SFNQIQLLQHA,0.5268830707003873
2383,SQQRMQILQHA,0.6864291326255999
2384,SQQRMQVLQHA,0.6975757988859799
2385,SQQPMQLLQHA,0.6815503249499723
2386,SQQTMQLLQHA,0.6459809049015269
2387,SQQRMRLLQHA,0.6265577597008009
2388,SQQRMQQLQHA,0.6699931559927786
2389,SQNRMQLLQHA,0.6997105027567436
2390,SQQAMQLLQHA,0.6096668791258248
2391,SQQLMQLLQHA,0.5928004558060911
2392,SQQCMQLLQHA,0.6680750709970774
2393,SFGRIQIKQHA,0.6168397103363897
2394,SFGCIQLKQHA,0.6361834961729675
2395,SFGAIQLKQHA,0.6711272218418708
2396,SFQAIQQKQHA,0.6958328468218442
2397,SFNLIQLKQHA,0.6278595204196313
2398,SFNRIQQKQHA,0.7538273788160068
2399,SFQHIQIKQHA,0.6389714424259095
2400,SFQPIQQKQHA,0.761444864120553
2401,SQQRMQVKQHA,0.7597036331952207
2402,SFGRMQQKQHA,0.739738752825572
2403,SFQPIQIKQHA,0.6836379212059572
2404,SFNAIQLKQHA,0.648901320229106
2405,SQQRMQQKQHA,0.7321209903020194
2406,SQQAMQLKQHA,0.7004656241975684
2407,SFGLIQLKQHA,0.6897191472323104
2408,SFQAIQIKQHA,0.6180259039072483
2409,SQQPMQLKQHA,0.7482470906504548
2410,SFNRIQQCQHA,0.6207236567111137
2411,SWQQIQLCQHA,0.4679569150808792
2412,SFQAIQICQHA,0.493085343848294
2413,SFNTIQLCQHA,0.6345956994755331
2414,SFQPIQVCQHA,0.6700136984357568
2415,SFNAIQLCQHA,0.5239607601701516
2416,SQGRMQLCQHA,0.56955388939607
2417,SWQTIQLCQHA,0.6463501417219661
2418,SWQHIQLCQHA,0.5176804114809043
2419,SFNRIQICQHA,0.5429167137965178
2420,SFGAIQLCQHA,0.5461866617829164
2421,SFGHIQLCQHA,0.5526182005673125
2422,SWQAIQLCQHA,0.5535205442771043
2423,SQQCMQLCQHA,0.6668953317187077
2424,SFNHIQLCQHA,0.5343369136332682
2425,SFNLIQLSRHA,0.39429212418516896
2426,SFNRMQISRHA,0.584610665407721
2427,SFGRIQLTRHA,0.47547035288899125
2428,SFQAIQLCRHA,0.5034828897872748
2429,SWGRIQLSRHA,0.4541377531204976
2430,SFNRIQISRHA,0.5395185658331345
2431,SFNRIQLTRHA,0.5346510784540125
2432,SFNRIQLCRHA,0.5533142597354987
2433,SFQPIQLTRHA,0.5170462966284072
2434,SFNTIQLSRHA,0.5651419317177786
2435,SFQHIQLTRHA,0.41860349042660977
2436,SQQRMQISRHA,0.6120550968665642
2437,SFNPIQLSRHA,0.4870269863054854
2438,SFNAIQLSRHA,0.413852936846618
2439,SFNHIQLSRHA,0.4308026823773501
2440,SFGAIQLSRHA,0.43607883845938283
2441,SFGHMQLSRHA,0.49417606888598087
2442,SQQHMQLSRHA,0.5390947051389766
2443,SFGQIQLSRHA,0.4082509978829602
2444,SFGQMQLSRHA,0.4533430974575467
2445,SQQRMQQSRHA,0.5956191202337429
2446,SFGHIQLSRHA,0.44908396931139444
2447,SFGLIQLSRHA,0.4561517509978481
2448,SQQRMQLCRHA,0.6147886856888612
2449,SWQQIQLSRHA,0.38497605316423883
2450,SQQTMQLSRHA,0.6117866579585076
2451,SQQPMQLSRHA,0.5978104329249215
2452,SFQPIQLKRHA,0.5919145992322687
2453,SQQAMQLSRHA,0.46541724081508046
2454,SWQAIQLSRHA,0.44341272095357065
2455,SFGRMQQSRHA,0.6032368827572956
2456,SFGPIQLSRHA,0.48436799799282915
2457,SFGRIQLKRHA,0.5251163883627012
2458,SWQTIQLSRHA,0.5768963739642117
2459,SFNRMQQSRHA,0.6624176083223169
2460,SFGRIQLRRHA,0.5954291116465632
2461,SWQPIQLSRHA,0.5290721119876616
2462,SQQCMQLSRHA,0.550147584360034
2463,SQQRMQLLRHA,0.6374706357150735
2464,SWQLIQLSRHA,0.36085327713597903
2465,SQQQMQLSKHA,0.6027276638549999
2466,SQNRMQLSKHA,0.7170960286822731
2467,SQQAMQLSKHA,0.5571768024996456
2468,SFGRIQLKAHA,0.5519852198012721
2469,SWQPIQLSAHA,0.4870573945858094
2470,SWNRIQLSAHA,0.4713037612836667
2471,SFNRMQVSAHA,0.5883312483825398
2472,SFNRIQLRAHA,0.6211296286254245
2473,SQQRMQQSAHA,0.5536044028318906
2474,SWQHIQLSAHA,0.37213146282313403
2475,SWQTIQLSAHA,0.5348816565623596
2476,SFNRMQISAHA,0.5425959480058689
2477,SQQRMQLRAHA,0.6826040545787873
2478,SFGHIQLSAHA,0.40706925190954235
2479,SFGRMQLRAHA,0.6070410026349898
2480,SWQAIQLSAHA,0.40139800355171856
2481,SFNRMQQSAHA,0.6204028909204647
2482,SQNRMQLSAHA,0.5833217495958558
2483,SFNRMQLTAHA,0.5173038264301257
2484,SQQRMQLCAHA,0.5581657633908593
2485,SQQCMQLSAHA,0.5081328669581818
2486,SQQRMQLLAHA,0.6621710026193679
2487,SFGAIRLSQHA,0.43741436232962255
2488,SFGAIQVSQHA,0.5113903395940185
2489,SQQLMQVSQHA,0.49775278241210236
2490,SQQCMQVSQHA,0.6019325564584457
2491,SQQAMQQSQHA,0.48961957002029083
2492,SFNCIQQSQHA,0.49830316882297654
2493,SWNRIQISQHA,0.5304957283336771
2494,SFNCIQISQHA,0.4204962259083807
2495,SQQCMQISQHA,0.5907858901980658
2496,SQNRMQISQHA,0.6659747728357398
2497,SFGCIQISQHA,0.45844482053480695
2498,SQQLMQISQHA,0.4866061161517225
2499,SFGTIQISQHA,0.5418592444050538
2500,SWQHIQISQHA,0.4313234298731444
2501,SWQAIQISQHA,0.46058997060172896
2502,SWQTIQISQHA,0.59407362361237
2503,SQQPMQISQHA,0.6384487387629533
2504,SWQLIQISQHA,0.37803052678413723
2505,SWQCMQISQHA,0.4937612420093709
2506,SQQCMQLSQYA,0.5508010952453719
2507,SQGRMQLSQYA,0.5668092523180247
2508,SQNRMQLSQYA,0.625989977883046
2509,SQQAMQLSQFA,0.4697610670512212
2510,SQQCMQLSQFA,0.5544914105961748
2511,SQNTMQLSQHA,0.6699528426086133
2512,SQGQMQLSQHA,0.555093769723824
2513,SQNPMQLSQHA,0.5812123565079476
2514,SQNHMQLSQHA,0.5655294038218839
2515,SQNAMQLSQHA,0.5258688578949027
2516,SQNCMQLSQHA,0.5562472422848089
2517,SQGHMQLSQHA,0.5838106907559282
2518,SQNLMQLSQHA,0.4989266867118644
2519,SWNHIQLSQHA,0.44058087890789344
2520,SWNPIQLSQHA,0.5124740355706877
2521,SWGAIQLSQHA,0.5260902396461579
2522,SWNAIQLSQHA,0.5038643380333929
2523,SWNCIQLSQHA,0.43759155071140116
2524,SWNHIQISQHA,0.41710247913799653
2525,SWNAIQISQHA,0.48038593826349607
2526,SWGAIQQSQHA,0.5598274859604249
2527,SQNRMQLRAHA,0.6958680811299076
2528,SQQHMQLLAHA,0.6216398870454374
2529,SQGRMQLLAHA,0.616254303605467
2530,SQQRMQVLAHA,0.6733003252997244
2531,SQQPMQLLAHA,0.6572748513637168
2532,SQQTMQLLAHA,0.6217054313152715
2533,SQNRMQLLAHA,0.6754350291704883
2534,SQNRMQLKAHA,0.6859043978707764
2535,SWNRIQLCAHA,0.4594118016297905
2536,SFGHIRLSAHA,0.36774912636172685
2537,SFGAIQQSAHA,0.46079161531203605
2538,SFGAIQISAHA,0.3829846723974402
2539,SQNLMQLSAHA,0.4162563198919571
2540,SWNHIQLSAHA,0.35791051208798613
2541,SWNQIQLSAHA,0.31491860768104163
2542,SWGAIQLSAHA,0.4434198728262505
2543,SQNAMQLSKHA,0.5769727701614127
2544,SQNHMQLSKHA,0.6166333160883938
2545,SQNPMQLSKHA,0.6323162687744577
2546,SFGHIQLTRHA,0.4226638266255062
2547,SWNRIQLTRHA,0.49737154264630645
2548,SQQQMQLTRHA,0.5435520265548116
2549,SQQCMQLTRHA,0.6248232447497046
2550,SFGLIQLTRHA,0.5179039608476121
2551,SWNRIQLRRHA,0.6173303014038782
2552,SQNRMQLRRHA,0.7293482897160675
2553,SFGAIQLRRHA,0.6094792388957132
2554,SFGLIQLRRHA,0.6437477742626142
2555,SFGHIQLRRHA,0.5576581335248909
2556,SFGPIQLRRHA,0.5592589341750349
2557,SFGPIQLLRHA,0.5191320495273299
2558,SFGHIQLLRHA,0.5069287843135608
2559,SQQQMQLLRHA,0.612137080713991
2560,SQNRMQLLRHA,0.6507346622661937
2561,SQQTMQLLRHA,0.597005064410977
2562,SFGLIQLLRHA,0.5540085559996986
2563,SQQPMQLLRHA,0.6325744844594223
2564,SQQAMQLLRHA,0.560691038635275
2565,SQQCMQLLRHA,0.6190992305065275
2566,SFGHIQLKRHA,0.5513084566511175
2567,SFNPIQLKRHA,0.5346608733972397
2568,SFGHIQLCRHA,0.5519362978462028
2569,SFGTIQLCRHA,0.5810549086837338
2570,SQNRMQLCRHA,0.6280527122399816
2571,SFGCIQLCRHA,0.5449344644144063
2572,SWNRIQLCRHA,0.5160347239277925
2573,SQQLIQLCRHA,0.5006532367746478
2574,SFGLIQLCRHA,0.5559292770333918
2575,SFGHIRLSRHA,0.40976384376357894
2576,SFNAIQVSRHA,0.44850878856319853
2577,SFGTIQVSRHA,0.5469388953636697
2578,SQNRMQVSRHA,0.6364657896780644
2579,SWNRIQVSRHA,0.5438340790260748
2580,SFGAIQVSRHA,0.47073469017596337
2581,SFGPIQVSRHA,0.5190238497094095
2582,SFGLIQVSRHA,0.49080760271442847
2583,SFGHIQVSRHA,0.48373982102797497
2584,SFGAIQQSRHA,0.5028063327138882
2585,SFGHIQQSRHA,0.5158114635658998
2586,SFNAIQQSRHA,0.4805804311011233
2587,SWGRIQQSRHA,0.48787499943476453
2588,SWNRIQQSRHA,0.5470557249997858
2589,SFGLIQQSRHA,0.5228792452523534
2590,SFNHIQISRHA,0.41972323371725967
2591,SQQQMQISRHA,0.5109507585904113
2592,SQNRMQISRHA,0.6253191234176846
2593,SQQAMQISRHA,0.465399897235057
2594,SFNAIQISRHA,0.40277348818652753
2595,SFGAIQISRHA,0.4249993897992923
2596,SFGHIQISRHA,0.4380045206513039
2597,SFGTIQISRHA,0.5012035949869987
2598,SFGLIQISRHA,0.4450723023377575
2599,SFGPIQISRHA,0.47328854933273856
2600,SQNTMQLSRHA,0.6292971931905581
2601,SQGAMQLSRHA,0.5074391100896123
2602,SQNQMQLSRHA,0.48292537408908953
2603,SQGCMQLSRHA,0.55354018749318
2604,SQNHMQLSRHA,0.5248737544038286
2605,SQNAMQLSRHA,0.48521320847684746
2606,SQGQMQLSRHA,0.5144381203057687
2607,SQNCMQLSRHA,0.5155915928667537
2608,SQGLMQLSRHA,0.5201306641064882
2609,SQNLMQLSRHA,0.45827103729380914
2610,SWGPIQLSRHA,0.46915939783997623
2611,SWNPIQLSRHA,0.47181838615263244
2612,SWGHIQLSRHA,0.4182065164238826
2613,SWNQIQLSRHA,0.3569333250828937
2614,SWGAIQLSRHA,0.4854345902281026
2615,SWGQIQLSRHA,0.3884460712995729
2616,SWNAIQLSRHA,0.46320868861533776
2617,SWGLIQLSRHA,0.43501613092877667
2618,SFGHIQVCQHA,0.587274052283893
2619,SFGQIQQCQHA,0.557959354054106
2620,SFGHIQQCQHA,0.6193456948218179
2621,SFNTIQQCQHA,0.7013231937300384
2622,SQNRMQQCQHA,0.6122812947482466
2623,SFGHIQICQHA,0.541538751907222
2624,SFGPIQICQHA,0.5643656839114004
2625,SQNAMQLCQHA,0.5953210318003811
2626,SQNLIQLCQHA,0.5136383664758761
2627,SQNRMQQKQHA,0.7453850168531396
2628,SFNHIQIKQHA,0.6247504916907617
2629,SQNQMQLKQHA,0.7006571917357483
2630,SQGQMQLKQHA,0.7321699379524275
2631,SQNPMQLKQHA,0.6909933648154257
2632,SQQPMQVLQHA,0.6926796476303287
2633,SQQHMQVLQHA,0.6570446833120493
2634,SQQAMQVLQHA,0.6207962018061813
2635,SQNRMQVLQHA,0.7108398254371001
2636,SQQAMQQLQHA,0.5932135589129801
2637,SQQHMQQLQHA,0.6294620404188481
2638,SQQTMQQLQHA,0.6295275846886821
2639,SQNRMQQLQHA,0.6832571825438989
2640,SQGRMQQLQHA,0.6240764569788776
2641,SFGPIQILQHA,0.5570284413577893
2642,SQNRMQILQHA,0.6996931591767204
2643,SQNHMQLLQHA,0.6316944098965449
2644,SQGTMQLLQHA,0.6106325520628878
2645,SQNTMQLLQHA,0.6634914401335773
2646,SQGQMQLLQHA,0.664582939339875
2647,SQNQMQLLQHA,0.6330701931231958
2648,SQNPMQLLQHA,0.6242965991149432
2649,SQNCMQLLQHA,0.6335190795037972
2650,SQNAMQLLQHA,0.629462846787592
2651,SQGAMQLLQHA,0.6516887484003568
2652,SWNHIQLLQHA,0.5067458849825546
2653,SQNLIQLLQHA,0.5600115832116231
2654,SQNRMQVRQHA,0.7420164005722936
2655,SFNPIQQRQHA,0.6301842049180663
2656,SFNHIQQRQHA,0.6076431290212215
2657,SQNRMQQRQHA,0.7144337576790923
2658,SQNTMQLRQHA,0.6651243749179785
2659,SQNQMQLRQHA,0.662819149948027
2660,SQNCMQLRQHA,0.6314185928080417
2661,SWNQIQLRQHA,0.5368271009418313
2662,SWNTIQLRQHA,0.6302340909236827
2663,SWNHIQLRQHA,0.5100381818792044
2664,SFGAIQQTQHA,0.5902106126470197
2665,SFNAIQITQHA,0.490177768119659
2666,SFGHIQITQHA,0.44760286175669967
2667,SQNAMQLTQHA,0.5726174884099791
2668,SQNLMQLTQHA,0.5560417309348571
2669,SWNPIQLTQHA,0.48060245443180916
2670,SQGPMQLLQHS,0.5927094200265849
2671,SQNPMQLLQHS,0.5953684083392413
2672,SQNAMQLLQHS,0.6005346560118899
2673,SQGAMQLLQHS,0.6227605576246549
2674,SQGLMQLLQHS,0.6380351188231868
2675,SQGAMQLRQHS,0.6273323102223796
2676,SQNAMQLRQHS,0.6051064086096147
2677,SQNLIQLSRFA,0.42840417348434473
2678,SQNAIQLSRYA,0.40518972872642967
2679,SQNPIQLSRYA,0.4605332273394747
2680,SFGHIRISAHA,0.35666967770163643
2681,SWGLIQQSAHA,0.4267386598411915
2682,SFGHIRVSAHA,0.4024049780783074
2683,SQGLIRLSAHA,0.39370372158223416
2684,SQNRMQQCAHA,0.554976469729135
2685,SQNPMQLCAHA,0.5743290166494426
2686,SQNAMQLCAHA,0.5380162067812694
2687,SQNCMQLCAHA,0.5750345152063159
2688,SQNRMQQKAHA,0.6694510776579317
2689,SQGRMQVLAHA,0.6273836262858234
2690,SQNRMQVLAHA,0.6865643518508447
2691,SQGRMQQLAHA,0.5998009833926221
2692,SQNRMQQLAHA,0.6589817089576434
2693,SQNRMQILAHA,0.6754176855904649
2694,SQGTMQLLAHA,0.5863570784766324
2695,SQNHMQLLAHA,0.6074189363102895
2696,SQGHMQLLAHA,0.6257002232443338
2697,SQGPMQLLAHA,0.5973621372160315
2698,SQNPMQLLAHA,0.6000211255286877
2699,SQNTMQLLAHA,0.6392159665473219
2700,SQGAMQLLAHA,0.6274132748141015
2701,SQNAMQLLAHA,0.6051873732013365
2702,SQNCMQLLAHA,0.6092436059175417
2703,SQNLMQLLAHA,0.5808282091999541
2704,SQNRIRLRAHA,0.6114558560075056
2705,SFGHIQVRAHA,0.5588337766553114
2706,SFGPIQVRAHA,0.5604345773054555
2707,SFGHIQQRAHA,0.5909054191932364
2708,SFGPIQQRAHA,0.5925062198433803
2709,SQNRMQQRAHA,0.6794147609170629
2710,SFGAIQIRAHA,0.5649195816494627
2711,SFNHIQIRAHA,0.4948171893445961
2712,SFGHIQIRAHA,0.5130984762786404
2713,SFGPIQIRAHA,0.5146992769287846
2714,SQNQMQLRAHA,0.6278001531859975
2715,SQGQMQLRAHA,0.6593128994026767
2716,SQNPMQLRAHA,0.5819674346859384
2717,SQNHMQLRAHA,0.5999677100311651
2718,SQNTMQLRAHA,0.6301053781559489
2719,SQGLMQLRAHA,0.6742464787850945
2720,SWNLIQLRAHA,0.5272723187947036
2721,SFGHIQVTAHA,0.39488032674361334
2722,SFGHIQITAHA,0.3491450263669424
2723,SFNHIQITAHA,0.330863739432898
2724,SFNAIQITAHA,0.3917199327299018
2725,SFGAIQITAHA,0.4139458343426666
2726,SFGLIRISRHA,0.40575217678994213
2727,SFNHIRISRHA,0.38040310816944417
2728,SFGPIRISRHA,0.4339684237849232
2729,SFGHIRISRHA,0.3986843951034885
2730,SFGQIRISRHA,0.3578514236750543
2731,SQGQMQISRHA,0.5144207767257455
2732,SQNLMQISRHA,0.4582536937137858
2733,SQGLMQISRHA,0.520113320526465
2734,SWNHIQISRHA,0.3764468297199413
2735,SQGLIQISRHA,0.4750212209518784
2736,SQNLIQISRHA,0.41316159413919934
2737,SWGAIQISRHA,0.46195619045820563
2738,SFNHIRQSRHA,0.45821005108404
2739,SQGAMQQSRHA,0.49098578987676755
2740,SQNPMQQSRHA,0.5241033868770476
2741,SWGTIQQSRHA,0.5752852674398397
2742,SWGHIQQSRHA,0.45194376273814957
2743,SWNHIQQSRHA,0.4336624758041052
2744,SQNLIQQSRHA,0.3967256175063779
2745,SWNTIQQSRHA,0.6281441555105292
2746,SWGAIQQSRHA,0.5191718365423695
2747,SQGLIQQSRHA,0.458585244319057
2748,SWGLIQQSRHA,0.46875337724304367
2749,SWNLIQQSRHA,0.4068937504303646
2750,SFNHIRVSRHA,0.4261384085461151
2751,SQNAMQVSRHA,0.496342531157204
2752,SQGLMQVSRHA,0.5312599867868447
2753,SWGHIQVSRHA,0.44872211676443874
2754,SQGLIQVSRHA,0.4861678872122582
2755,SWGQIQVSRHA,0.4189616716401291
2756,SWGLIQVSRHA,0.4655317312693327
2757,SQNHMRLSRHA,0.4649850378990062
2758,SQNQMRLSRHA,0.4230366575842671
2759,SQNPMRLSRHA,0.48066799058507004
2760,SQNLIRLSRHA,0.3738588121714072
2761,SQNHIRLSRHA,0.4404615292814267
2762,SQNPIRLSRHA,0.4561444819674904
2763,SQGLIRLSRHA,0.43571843898408624
2764,SQNRIRLCRHA,0.5436404871175796
2765,SQGRIRLCRHA,0.4844597615525583
2766,SFGHIQVCRHA,0.5865921495627834
2767,SFGPIQVCRHA,0.6094190815669617
2768,SFGLIQVCRHA,0.5905851287499723
2769,SFNLIQQCRHA,0.5607971444752181
2770,SFNAIQQCRHA,0.5900063517035473
2771,SQNRMQQCRHA,0.6115993920271369
2772,SFNPIQQCRHA,0.6441497124175428
2773,SQQAIQICRHA,0.5297337182628944
2774,SFNHIQICRHA,0.522575562252068
2775,SFGTIQICRHA,0.5699754600236434
2776,SFNPIQICRHA,0.5663427695029469
2777,SFGHIQICRHA,0.5408568491861124
2778,SFGCIQICRHA,0.5338550157543157
2779,SFGQIQICRHA,0.47947050841840055
2780,SQNAMQLCRHA,0.5946391290792713
2781,SQGHIQLCRHA,0.6009152702980948
2782,SQNHIQLCRHA,0.5826339833640506
2783,SQNAIQLCRHA,0.5495470295046849
2784,SWGPIQLCRHA,0.5595546296975282
2785,SQNCIQLCRHA,0.5865653379297313
2786,SQNLIQLCRHA,0.5129564637547663
2787,SQGCIQLCRHA,0.6245139325561575
2788,SWNQIQLCRHA,0.4392322842784245
2789,SFNPIQVKRHA,0.5693167251138201
2790,SFNHIQVKRHA,0.5676830214336537
2791,SFGHIQVKRHA,0.5859643083676981
2792,SFGPIQVKRHA,0.5666577368011638
2793,SFNHIQQKRHA,0.5997546639715785
2794,SFGLIQQKRHA,0.6536438708530367
2795,SFGHIQQKRHA,0.6180359509056228
2796,SFGPIQQKRHA,0.5987293793390888
2797,SFNHIQIKRHA,0.5219477210569827
2798,SQNRMQIKRHA,0.6590182228521821
2799,SFGQIQIKRHA,0.5121005962357493
2800,SFGHIQIKRHA,0.540229007991027
2801,SFGAIQIKRHA,0.5572450025480012
2802,SQGQMQLKRHA,0.6293671673186485
2803,SQGCMQLKRHA,0.6580522932555263
2804,SQGLMQLKRHA,0.6508952897071715
2805,SWGTIQLKRHA,0.5217249780464615
2806,SWGPIQLKRHA,0.5167932849317306
2807,SQGCIQLKRHA,0.6129601936809398
2808,SWGQIQLKRHA,0.5033751183124525
2809,SWGHIQLKRHA,0.5204310037636056
2810,SQGAIQLKRHA,0.5945926232637347
2811,SWNLIQLKRHA,0.5039211297167809
2812,SQNCIQLKRHA,0.5750115990545136
2813,SQGTIQLKRHA,0.5115231624661708
2814,SQGPIQLKRHA,0.540439506294404
2815,SQGHIQLKRHA,0.6002874291030096
2816,SFGQIQVLRHA,0.5440758281430971
2817,SFGHIQVLRHA,0.5415846360301413
2818,SQNRMQVLRHA,0.6618639849465503
2819,SQQQMQVLRHA,0.6232664033943475
2820,SFGLIQVLRHA,0.5886644077162791
2821,SQNRMQQLRHA,0.6342813420533491
2822,SFGPIQILRHA,0.5080526008672395
2823,SFGHIQILRHA,0.49584933565347034
2824,SQQAIQILRHA,0.5155815954806652
2825,SFGQIQILRHA,0.4983405277664261
2826,SQNHMQLLRHA,0.5827185694059951
2827,SQNTMQLLRHA,0.6145155996430275
2828,SQGTMQLLRHA,0.561656711572338
2829,SQNPMQLLRHA,0.5753207586243932
2830,SQGQMQLLRHA,0.6156070988493251
2831,SQGLMQLLRHA,0.6179874691083389
2832,SQNCMQLLRHA,0.5845432390132473
2833,SQNAMQLLRHA,0.5804870062970421
2834,SQGCMQLLRHA,0.6224918336396735
2835,SQNLMQLLRHA,0.5561278422956598
2836,SQGQIQLLRHA,0.5705149992747387
2837,SQGAIQLLRHA,0.5576208083352205
2838,SQNAIQLLRHA,0.5353949067224556
2839,SQGHIQLLRHA,0.5559077567654529
2840,SQGPIQLLRHA,0.5275696707371506
2841,SQGTIQLLRHA,0.5165646119977514
2842,SQNPIQLLRHA,0.5302286590498068
2843,SQNLIQLLRHA,0.5110357427210732
2844,SQGLIQLLRHA,0.5728953695337523
2845,SQGCIQLLRHA,0.5773997340650869
2846,SFGPIRLRRHA,0.5199388086272195
2847,SFNPIQVRRHA,0.5965737742042717
2848,SFNHIQVRRHA,0.5740326983074271
2849,SFGLIQVRRHA,0.6784036259791946
2850,SFGHIQVRRHA,0.5923139852414713
2851,SFNLIQQRRHA,0.6486156417044404
2852,SFGHIQQRRHA,0.6243856277793962
2853,SFGAIQQRRHA,0.6762067331502185
2854,SFGPIQQRRHA,0.6259864284295402
2855,SFGLIQQRRHA,0.7104752685171195
2856,SQNRMQQRRHA,0.7128949695032228
2857,SQNRMQIRRHA,0.7293309461360441
2858,SFNAIQIRRHA,0.5761738886228577
2859,SFNHIQIRRHA,0.528297397930756
2860,SFGTIQIRRHA,0.5354919885385494
2861,SFNPIQIRRHA,0.5508384738276008
2862,SFGPIQIRRHA,0.5481794855149444
2863,SFGHIQIRRHA,0.5465786848648003
2864,SQNHMQLRRHA,0.6334479186173251
2865,SQNQMQLRRHA,0.6612803617721574
2866,SQNAMQLRRHA,0.6586136089131778
2867,SWNHIQLRRHA,0.5084993937033347
2868,SWGHIQLRRHA,0.526780680637379
2869,SWNTIQLRRHA,0.6286953027478129
2870,SQNLIQLRRHA,0.6007749609839889
2871,SWGQIQLRRHA,0.5668010589826408
2872,SQGLIQLRRHA,0.662634587796668
2873,SWGTIQLRRHA,0.5758364146771234
2874,SQGCIQLRRHA,0.6227362996840117
2875,SWNPIQLRRHA,0.5467093223348383
2876,SWGPIQLRRHA,0.544050334022182
2877,SWNQIQLRRHA,0.5352883127659616
2878,SQNCIQLRRHA,0.5847877050575856
2879,SWNLIQLRRHA,0.5607525273808636
2880,SQNRIRLTRHA,0.5249773058360936
2881,SFGPIQVTRHA,0.4917894341973024
2882,SFNHIQVTRHA,0.4390383914080424
2883,SFGHIQVTRHA,0.45731967834208676
2884,SFGAIQVTRHA,0.5221204863178109
2885,SFNAIQVTRHA,0.4998945847050462
2886,SFNPIQVTRHA,0.49444842250995863
2887,SFGLIQVTRHA,0.5525598125641926
2888,SFGQIQQTRHA,0.5075624165218426
2889,SFNTIQQTRHA,0.5471483317614939
2890,SFNHIQQTRHA,0.47111003394596723
2891,SFNAIQQTRHA,0.5319662272429709
2892,SFGAIQQTRHA,0.5541921288557359
2893,SFGHIQQTRHA,0.4893913208800116
2894,SFGTIQQTRHA,0.49428944369080446
2895,SFGLIQQTRHA,0.5846314551021174
2896,SFNHIQITRHA,0.39330309103137145
2897,SFGAIQITRHA,0.47638518594113993
2898,SFGHIQITRHA,0.4115843779654158
2899,SFNTIQITRHA,0.469341388846898
2900,SFGPIQITRHA,0.4460541338206314
2901,SFNAIQITRHA,0.4541592843283752
2902,SFGTIQITRHA,0.4164825007762085
2903,SFGQIQITRHA,0.4297554736072467
2904,SFGLIQITRHA,0.5068245121875217
2905,SQNQMQLTRHA,0.5155092984734665
2906,SQNAMQLTRHA,0.5365990046186951
2907,SQNLMQLTRHA,0.5200232471435732
2908,SQGLMQLTRHA,0.5818828739562523
2909,SQNCMQLTRHA,0.5902672532564245
2910,SWNQIQLTRHA,0.38951724946727073
2911,SWGPIQLTRHA,0.44192498232786903
2912,SWGTIQLTRHA,0.4568269269147827
2913,SQNCIQLTRHA,0.5451751536818379
2914,SWGHIQLTRHA,0.3917863737379944
2915,SWGQIQLTRHA,0.4210299956839499
2916,SQNLIQLTRHA,0.4749311475689867
2917,SWNHIQLTRHA,0.3735050868039501
2918,SWNPIQLTRHA,0.44458397064052535
2919,SQGCIQLTRHA,0.5831237483082641
2920,SWGPIQICQHA,0.5367581326487411
2921,SQNLIQICQHA,0.5136210228958528
2922,SWNPIQQCQHA,0.5966327670455613
2923,SQNHIRLCQHA,0.5439957605373448
2924,SQGLIRLCQHA,0.5361778677407398
2925,SWNPIQIKQHA,0.5987766441082688
2926,SWNPIQVKQHA,0.6527706442187219
2927,SQNTMQILQHA,0.6634740965535539
2928,SQNAMQILQHA,0.6294455032075686
2929,SQNLIQILQHA,0.5599942396315998
2930,SQNTMQQLQHA,0.6470381199207327
2931,SQNPMQQLQHA,0.6078432789020983
2932,SQNAMQQLQHA,0.6130095265747472
2933,SQNHMQVLQHA,0.6428237325769014
2934,SQGPMQVLQHA,0.6327669334826435
2935,SQNPMQVLQHA,0.6354259217952997
2936,SQNAMQVLQHA,0.6405921694679485
2937,SQNTMQVLQHA,0.6746207628139339
2938,SQNCIQVLQHA,0.5995563026095672
2939,SQNAMRLLQHA,0.5695741302827695
2940,SQGQMRLLQHA,0.6046942228350525
2941,SQNQMRLLQHA,0.5731814766183733
2942,SQGCMRLLQHA,0.6115789576254009
2943,SQGCMQIRQHA,0.6693498438544446
2944,SWNPIQIRQHA,0.524769710740811
2945,SQGLMQVRQHA,0.7203947982274804
